     0/499    0.797G    0.1208   0.06333         0    0.1841        24       448         0         0         0         0         0         0         0
     1/499     4.35G    0.1114   0.03665         0     0.148        24       448         0         0         0         0         0         0         0
     2/499     4.35G    0.1046   0.04163         0    0.1462        24       448         0         0         0         0         0         0         0
     3/499     4.35G   0.09651   0.04727         0    0.1438        24       448         0         0 0.0004537 0.0001096     0.106   0.03739         0
     4/499     4.34G    0.0891   0.04974         0    0.1388        24       448         0         0 0.0006659 0.0001623    0.1057   0.03712         0
     5/499     5.78G   0.08262   0.04883         0    0.1315        24       448         0         0 0.0008259 0.0001962     0.106   0.03658         0
     6/499     5.78G   0.08012   0.04435         0    0.1245        24       448         0         0 0.0008668 0.0002267    0.1056   0.03783         0
     7/499     5.78G    0.0822   0.04015         0    0.1223        24       448         0         0 0.0009452 0.0002126    0.1064   0.03751         0
     8/499     5.78G   0.07617   0.03964         0    0.1158        24       448         0         0  0.001513 0.0003057    0.1086   0.03706         0
     9/499     5.78G   0.07761   0.03622         0    0.1138        24       448         0         0  0.001502 0.0002923    0.1099    0.0377         0
    10/499     5.78G   0.07622   0.03456         0    0.1108        24       448         0         0   0.00222 0.0003821    0.1097   0.03893         0
    11/499     5.78G   0.07574   0.03351         0    0.1092        24       448         0         0  0.001872 0.0003123    0.1105   0.03998         0
    12/499     5.78G    0.0753   0.03144         0    0.1067        24       448         0         0  0.001652 0.0003161    0.1108   0.03802         0
    13/499     5.78G   0.06979   0.03183         0    0.1016        24       448         0         0  0.001869 0.0003559    0.1133    0.0366         0
    14/499     5.78G   0.07113   0.03142         0    0.1026        24       448         0         0  0.002027 0.0004157    0.1108   0.03915         0
    15/499     5.78G   0.06949   0.03114         0    0.1006        24       448         0         0  0.001621 0.0003385    0.1137   0.03366         0
    16/499     5.78G   0.06876   0.02985         0   0.09861        24       448         0         0  0.003519 0.0006936    0.1103   0.03683         0
    17/499     5.78G   0.06588   0.03095         0   0.09684        24       448         0         0   0.02799  0.006572   0.09661   0.04624         0
    18/499     5.78G   0.07153   0.02986         0    0.1014        24       448         0         0   0.02583  0.006631    0.1076   0.03366         0
    19/499     5.78G    0.0653    0.0323         0   0.09761        24       448    0.1817     0.035   0.04599    0.0102   0.09085   0.04628         0
    20/499     5.78G   0.06178   0.02844         0   0.09022        24       448    0.5157    0.0284    0.1076   0.03063   0.08831     0.044         0
    21/499     5.78G    0.0653   0.02712         0   0.09242        24       448    0.4152   0.07333   0.09941   0.02542   0.09279   0.04342         0
    22/499     5.78G    0.0614   0.02867         0   0.09006        24       448      0.42   0.06396    0.1447   0.03186   0.08441   0.04267         0
    23/499     5.78G   0.06162   0.02543         0   0.08705        24       448    0.3131    0.3633    0.2308   0.04293   0.08156   0.03348         0
    24/499     5.78G   0.06044   0.02467         0   0.08511        24       448    0.3321     0.115     0.174    0.0341   0.09103   0.03234         0
    25/499     5.78G   0.06105   0.02607         0   0.08712        24       448    0.2352   0.01794    0.1564     0.046   0.09551    0.0356         0
    26/499     5.78G   0.05668   0.02535         0   0.08203        24       448   0.07526  0.001667   0.06251   0.01308   0.09513   0.04171         0
    27/499     5.78G   0.05527   0.02533         0    0.0806        24       448    0.4689     0.065    0.1963   0.05673   0.08629   0.04755         0
    28/499     5.78G   0.05915   0.02441         0   0.08356        24       448    0.5155    0.3083    0.3788   0.08043    0.0717   0.04703         0
    29/499     5.78G   0.05714   0.02319         0   0.08033        24       448    0.3928    0.6276    0.4356    0.1409   0.06866   0.03594         0
    30/499     5.78G   0.05765   0.02295         0    0.0806        24       448    0.4231    0.1002    0.2597   0.05317   0.07632     0.043         0
    31/499     5.78G   0.05828   0.02233         0   0.08062        24       448         0         0   0.01794  0.003556    0.1076   0.04898         0
    32/499     5.78G    0.0549   0.02233         0   0.07723        24       448    0.3488      0.43    0.2451   0.05357   0.07484   0.03557         0
    33/499     5.78G   0.05429   0.02222         0   0.07652        24       448    0.3655    0.4717    0.4536    0.1233   0.06827   0.04611         0
    34/499     5.78G   0.05603   0.02165         0   0.07769        24       448     0.597    0.4583    0.5219    0.1663   0.06241   0.04103         0
    35/499     5.78G   0.05039    0.0212         0   0.07159        24       448    0.4719    0.5583    0.5223    0.1084   0.06245   0.03694         0
    36/499     5.78G   0.05763   0.02191         0   0.07954        24       448    0.4579      0.22    0.3282   0.08547   0.07529   0.04439         0
    37/499     5.78G   0.05033   0.02112         0   0.07144        24       448    0.6938   0.01136    0.1804   0.04499   0.08883   0.04616         0
    38/499     5.78G    0.0546   0.02088         0   0.07547        24       448    0.5763   0.09167    0.3731    0.1029   0.07251   0.05219         0
    39/499     5.78G   0.05226   0.02094         0    0.0732        24       448    0.6647    0.6245    0.6976    0.2364   0.05616     0.038         0
    40/499     5.78G   0.05447   0.02068         0   0.07516        24       448    0.1568    0.4067    0.1365    0.0277   0.08176   0.03697         0
    41/499     5.78G   0.05475   0.02182         0   0.07657        24       448    0.4212      0.57     0.502    0.1721   0.06674   0.03353         0
    42/499     5.78G   0.04904   0.02038         0   0.06942        24       448         0         0  0.006989  0.001552    0.1142    0.0527         0
    43/499     5.78G   0.04733   0.01945         0   0.06678        24       448    0.7245    0.1403    0.3453   0.09941   0.08614   0.04483         0
    44/499     5.78G   0.05048   0.02004         0   0.07051        24       448         0         0   0.05221   0.01274    0.1044   0.04846         0
    45/499     5.78G   0.04911   0.02009         0    0.0692        24       448    0.5397    0.4333    0.4714    0.1623   0.07566   0.03181         0
    46/499     5.78G   0.05013   0.01951         0   0.06964        24       448    0.5299    0.4151    0.4085    0.1041    0.0741   0.04292         0
    47/499     5.78G   0.04682   0.01933         0   0.06615        24       448    0.4959     0.635    0.5497    0.1874    0.0611   0.04131         0
    48/499     5.78G   0.04722   0.01833         0   0.06555        24       448    0.7597      0.34    0.6485    0.1952   0.06042     0.053         0
    49/499     5.78G   0.04687   0.01842         0   0.06529        24       448    0.9194   0.07607     0.519    0.1518    0.0715   0.06315         0
    50/499     5.78G   0.04806   0.01846         0   0.06652        24       448    0.5886    0.3123    0.4947    0.1816   0.07224   0.04375         0
    51/499     5.78G   0.04621   0.01886         0   0.06507        24       448    0.7278     0.156     0.417    0.1054   0.07288   0.05269         0
    52/499     5.78G   0.04364   0.01855         0    0.0622        24       448    0.3605     0.005   0.08625    0.0249   0.09582   0.06102         0
    53/499     5.78G   0.04506   0.01816         0   0.06322        24       448     0.671    0.6798    0.7101    0.2593   0.05397   0.02951         0
    54/499     5.78G   0.04876   0.01859         0   0.06735        24       448    0.9324    0.2298    0.5834    0.1919    0.0648    0.0687         0
    55/499     5.78G   0.04412   0.01875         0   0.06287        24       448    0.5794    0.4967     0.556     0.181    0.0628   0.04374         0
    56/499     5.78G   0.04644   0.01895         0   0.06538        24       448    0.1854      0.02    0.1269   0.03343   0.09045   0.05263         0
    57/499     5.78G   0.04762   0.01905         0   0.06667        24       448    0.7978  0.006592   0.07713    0.0179    0.1299   0.02802         0
    58/499     5.78G   0.04363   0.01846         0   0.06209        24       448    0.6374     0.126    0.4952    0.1411   0.07651   0.05026         0
    59/499     5.78G   0.04129   0.01796         0   0.05924        24       448     0.664    0.5867    0.6534    0.2714   0.05812   0.03806         0
    60/499     5.78G   0.04288   0.01776         0   0.06064        24       448    0.5451     0.415    0.3926    0.1294   0.08354   0.03778         0
    61/499     5.78G   0.04321   0.01704         0   0.06025        24       448    0.7002    0.5017     0.538    0.2203    0.0695   0.03056         0
    62/499     5.78G   0.04252   0.01701         0   0.05953        24       448    0.6817     0.435    0.5135    0.1538   0.06826   0.04346         0
    63/499     5.78G   0.04421   0.01728         0   0.06149        24       448    0.5775       0.7    0.6835    0.1948   0.05783   0.03399         0
    64/499     5.78G   0.04217   0.01714         0   0.05931        24       448    0.7068    0.5022    0.5411    0.2011   0.06441   0.04258         0
    65/499     5.78G   0.04175   0.01745         0    0.0592        24       448    0.6642    0.1648    0.4485    0.1068   0.08124   0.04673         0
    66/499     5.78G   0.04129   0.01704         0   0.05833        24       448         0         0   0.06957   0.01546     0.111   0.04533         0
    67/499     5.78G   0.03956   0.01714         0    0.0567        24       448    0.6887   0.09954    0.3693    0.1009   0.07696   0.05707         0
    68/499     5.78G   0.04002   0.01694         0   0.05695        24       448    0.7058    0.4877    0.5814    0.2245   0.06245   0.05169         0
    69/499     5.78G    0.0408   0.01657         0   0.05737        24       448    0.8332    0.4578    0.5282     0.218   0.07243    0.0435         0
    70/499     5.78G   0.04168   0.01739         0   0.05907        24       448         0         0    0.1402   0.02947   0.09204   0.06572         0
    71/499     5.78G   0.04016   0.01711         0   0.05727        24       448    0.8385    0.5797    0.7791    0.2103   0.06043   0.04151         0
    72/499     5.78G   0.04046   0.01631         0   0.05677        24       448    0.5791     0.835    0.6849    0.1973   0.05388   0.02951         0
    73/499     5.78G   0.04158   0.01694         0   0.05852        24       448    0.7163     0.475    0.5212    0.2024   0.06704   0.04577         0
    74/499     5.78G   0.03729   0.01609         0   0.05338        24       448    0.6975     0.025    0.1939   0.04516   0.09708   0.05322         0
    75/499     5.78G   0.03731   0.01605         0   0.05336        24       448    0.8064    0.1389    0.4692    0.1336   0.08238   0.05097         0
    76/499     5.78G   0.03874   0.01585         0   0.05459        24       448    0.8521    0.3517    0.5604    0.2012   0.06992   0.04796         0
    77/499     5.78G    0.0391   0.01653         0   0.05563        24       448    0.6801    0.5563    0.6291    0.2257   0.05759   0.04846         0
    78/499     5.78G   0.03594   0.01563         0   0.05157        24       448     0.857    0.5492     0.704    0.3047   0.05646   0.04135         0
    79/499     5.78G   0.03433   0.01488         0   0.04921        24       448    0.8133    0.4683    0.5417    0.2649   0.07724   0.03322         0
    80/499     5.78G    0.0373   0.01548         0   0.05278        24       448     0.684    0.4653    0.5728    0.2259   0.05719   0.05324         0
    81/499     5.78G   0.03596   0.01501         0   0.05097        24       448    0.6254      0.01   0.09474   0.02242    0.1013   0.06601         0
    82/499     5.78G   0.03586   0.01528         0   0.05114        24       448    0.7357    0.3417    0.4814    0.1849   0.07192   0.06175         0
    83/499     5.78G   0.03359   0.01536         0   0.04895        24       448    0.8839     0.495    0.5977    0.2579    0.0664   0.04623         0
    84/499     5.78G   0.03269   0.01469         0   0.04738        24       448    0.8703    0.5031     0.688    0.3181   0.06109    0.0474         0
    85/499     5.78G   0.03575   0.01485         0    0.0506        24       448    0.5591    0.6321    0.6333    0.2158   0.05452   0.03912         0
    86/499     5.78G   0.03882    0.0158         0   0.05462        24       448    0.6832    0.4887    0.5616    0.1599   0.06792    0.0488         0
    87/499     5.78G   0.03501   0.01551         0   0.05052        24       448         0         0  0.008486   0.00162    0.1298   0.06185         0
    88/499     5.78G    0.0334   0.01502         0   0.04843        24       448    0.7957    0.4917    0.5472    0.2527   0.06533   0.04329         0
    89/499     5.78G   0.03276   0.01514         0   0.04789        24       448    0.7485   0.01489    0.1632   0.03306   0.08727   0.08557         0
    90/499     5.78G   0.03243   0.01455         0   0.04698        24       448     0.944    0.1684    0.5115    0.2465   0.06778   0.07031         0
    91/499     5.78G   0.03327    0.0142         0   0.04747        24       448    0.7997     0.485     0.585    0.2524   0.06872    0.0384         0
    92/499     5.78G   0.03446   0.01469         0   0.04915        24       448    0.8479      0.13    0.3718    0.1218   0.09329   0.04959         0
    93/499     5.78G   0.03152   0.01435         0   0.04587        24       448    0.6892    0.2957    0.4381    0.1729    0.0769   0.05195         0
    94/499     5.78G   0.03433   0.01452         0   0.04885        24       448    0.6962      0.45    0.5917    0.2043   0.06766   0.06035         0
    95/499     5.78G   0.03449   0.01503         0   0.04952        24       448    0.6606    0.4605    0.5941    0.1704   0.06683   0.05899         0
    96/499     5.78G   0.03436   0.01535         0   0.04971        24       448    0.7448     0.905    0.8977    0.3846   0.04124   0.02656         0
    97/499     5.78G    0.0296   0.01452         0   0.04412        24       448    0.6361     0.425    0.5707     0.202   0.06343   0.04645         0
    98/499     5.78G   0.03118   0.01492         0    0.0461        24       448    0.7797    0.4779    0.7203    0.3057   0.05104   0.05838         0
    99/499     5.78G   0.03229   0.01386         0   0.04614        24       448    0.7888    0.3486    0.5859    0.1976    0.0692   0.05483         0
   100/499     5.78G   0.02936   0.01349         0   0.04285        24       448    0.8214    0.4983    0.6721    0.2831   0.06814   0.04301         0
   101/499     5.78G   0.03298   0.01395         0   0.04693        24       448    0.8931    0.3621    0.5706    0.2567   0.07839   0.04908         0
   102/499     5.78G   0.02812   0.01356         0   0.04168        24       448    0.5169  0.001836    0.3053    0.1055   0.08611   0.07632         0
   103/499     5.78G   0.02892   0.01351         0   0.04243        24       448    0.7392     0.241    0.4541     0.163   0.07339   0.06412         0
   104/499     5.78G   0.03103   0.01449         0   0.04551        24       448    0.8692    0.4984    0.6578    0.2799   0.06778   0.04633         0
   105/499     5.78G   0.02996   0.01387         0   0.04384        24       448    0.8193    0.6346     0.753    0.3262   0.05801   0.03807         0
   106/499     5.78G    0.0359   0.01517         0   0.05107        24       448    0.7491    0.5674    0.7437    0.2492   0.06785   0.03784         0
   107/499     5.78G    0.0301   0.01386         0   0.04396        24       448    0.8793    0.8502    0.9259    0.4647   0.04355    0.0377         0
   108/499     5.78G   0.02759   0.01307         0   0.04065        24       448    0.8147    0.3224    0.6388     0.251   0.07114   0.04822         0
   109/499     5.78G   0.02822    0.0127         0   0.04092        24       448    0.9276    0.4917    0.6399    0.3443   0.06529   0.04118         0
   110/499     5.78G   0.02635   0.01277         0   0.03912        24       448    0.9803    0.4969    0.5503    0.3348    0.0692   0.04129         0
   111/499     5.78G   0.02587   0.01204         0   0.03791        24       448    0.9429     0.495    0.5581    0.3291    0.0774    0.0388         0
   112/499     5.78G   0.03368   0.01414         0   0.04782        24       448    0.8551     0.635    0.7441    0.3349   0.05662   0.04664         0
   113/499     5.78G   0.02786   0.01291         0   0.04077        24       448    0.7559    0.8867    0.9064    0.4236   0.04555   0.02886         0
   114/499     5.78G   0.02623   0.01248         0   0.03871        24       448     0.745    0.9683     0.928    0.3706   0.04005   0.02232         0
   115/499     5.78G   0.02539   0.01214         0   0.03753        24       448    0.8585    0.9567    0.9627    0.5124   0.03804   0.02781         0
   116/499     5.78G   0.03117   0.01394         0   0.04511        24       448    0.9068     0.373    0.7104    0.2782   0.06617   0.05513         0
   117/499     5.78G   0.02915   0.01371         0   0.04285        24       448    0.8306    0.9767    0.9706    0.5377   0.03452   0.02186         0
   118/499     5.78G   0.02747   0.01282         0   0.04029        24       448    0.9306    0.6703    0.9222    0.4953   0.04557   0.03688         0
   119/499     5.78G   0.02739   0.01253         0   0.03992        24       448    0.8675    0.7532    0.8993     0.481    0.0459   0.03444         0
   120/499     5.78G   0.02583   0.01206         0   0.03789        24       448    0.9117      0.85    0.9393    0.4894   0.04303   0.03749         0
   121/499     5.78G   0.02414   0.01167         0   0.03582        24       448    0.8801    0.3794    0.7234    0.3626   0.06316   0.05746         0
   122/499     5.78G   0.02737   0.01333         0    0.0407        24       448    0.7751     0.445    0.7007     0.297   0.05709   0.05344         0
   123/499     5.78G   0.02775   0.01314         0   0.04089        24       448    0.9604    0.5256    0.7641    0.3251   0.06254   0.03755         0
   124/499     5.78G   0.02613   0.01209         0   0.03822        24       448    0.9207    0.3097    0.6358    0.2481   0.07546   0.04985         0
   125/499     5.78G   0.02632   0.01172         0   0.03805        24       448    0.8704    0.5598    0.7038    0.3274   0.06477   0.03806         0
   126/499     5.78G   0.02768   0.01219         0   0.03988        24       448    0.9358      0.52    0.6787    0.3942   0.05948   0.04052         0
   127/499     5.78G   0.02858   0.01301         0    0.0416        24       448    0.9308    0.4932    0.6063    0.3648   0.06817    0.0409         0
   128/499     5.78G    0.0266   0.01213         0   0.03873        24       448    0.9311    0.2929      0.64    0.2819    0.0794   0.06675         0
   129/499     5.78G   0.02143   0.01054         0   0.03197        24       448    0.9442    0.3382    0.6433    0.2681   0.06964   0.06845         0
   130/499     5.78G   0.02026  0.009915         0   0.03018        24       448    0.9017    0.5657    0.8063      0.32   0.06139   0.04349         0
   131/499     5.78G   0.02335   0.01072         0   0.03408        24       448     0.948    0.8201     0.937    0.3666   0.05357   0.03129         0
   132/499     5.78G   0.02938   0.01257         0   0.04195        24       448    0.9315    0.8832    0.9406     0.409   0.04684   0.03039         0
   133/499     5.78G   0.03367   0.01394         0   0.04761        24       448    0.9347    0.6924    0.8941    0.3817   0.05349   0.03493         0
   134/499     5.78G   0.02804   0.01306         0    0.0411        24       448    0.8756    0.9383    0.9567    0.3896   0.04993   0.02145         0
   135/499     5.78G   0.02937   0.01277         0   0.04214        24       448    0.8801    0.8687    0.9243    0.3914   0.04491   0.02721         0
   136/499     5.78G   0.03565   0.01414         0    0.0498        24       448    0.8104    0.6067    0.7613    0.2863   0.05779    0.0372         0
   137/499     5.78G   0.04158   0.01531         0   0.05689        24       448    0.6738    0.3373    0.4272    0.1651   0.07514    0.0501         0
   138/499     5.78G   0.04091   0.01573         0   0.05665        24       448    0.8588    0.4562    0.5486    0.2555   0.07703   0.04491         0
   139/499     5.78G    0.0356   0.01394         0   0.04954        24       448    0.6534     0.705    0.7657    0.3497   0.06152   0.02841         0
   140/499     5.78G   0.02897   0.01358         0   0.04255        24       448    0.7199     0.835    0.8428     0.398   0.05036   0.03172         0
   141/499     5.78G    0.0236   0.01139         0   0.03499        24       448    0.7591    0.8783    0.9184    0.4707   0.04297   0.02403         0
   142/499     5.78G   0.02563   0.01182         0   0.03745        24       448    0.8211    0.9167    0.9613    0.4749   0.03997   0.02384         0
   143/499     5.78G   0.03034   0.01281         0   0.04314        24       448    0.8899    0.9298    0.9688    0.4513   0.03886   0.02492         0
   144/499     5.78G   0.03001   0.01313         0   0.04313        24       448    0.8209     0.785    0.8733    0.3772   0.05684   0.03182         0
   145/499     5.78G   0.02578   0.01205         0   0.03783        24       448     0.788       0.5    0.5506    0.2895   0.06959   0.03312         0
   146/499     5.78G   0.02993   0.01317         0    0.0431        24       448    0.6636    0.8467    0.8336    0.3141   0.05661   0.02892         0
   147/499     5.78G   0.02971   0.01286         0   0.04257        24       448     0.657    0.8717    0.8394    0.2979   0.05022     0.032         0
   148/499     5.78G   0.03072   0.01345         0   0.04416        24       448    0.8787    0.9055    0.9387    0.4635   0.04161   0.02679         0
   149/499     5.78G   0.02681   0.01277         0   0.03958        24       448    0.8586    0.8317    0.9144    0.4656   0.04638   0.02863         0
   150/499     5.78G   0.02442    0.0119         0   0.03631        24       448    0.7836      0.83    0.9038    0.4137   0.04766   0.02664         0
   151/499     5.78G   0.02211   0.01095         0   0.03306        24       448    0.8684     0.915    0.9518    0.4563   0.04185   0.02583         0
   152/499     5.78G    0.0234   0.01085         0   0.03425        24       448    0.9267    0.9275    0.9649    0.4761    0.0395   0.02444         0
   153/499     5.78G   0.02413   0.01146         0   0.03559        24       448     0.889      0.86     0.938    0.4693   0.04367   0.03598         0
   154/499     5.78G    0.0216   0.01078         0   0.03238        24       448    0.8755    0.8517    0.9344    0.4442   0.04706   0.03544         0
   155/499     5.78G   0.02618   0.01176         0   0.03794        24       448    0.9045    0.8483    0.9494    0.4913    0.0456   0.03266         0
   156/499     5.78G   0.02801    0.0125         0   0.04051        24       448    0.9193    0.8918    0.9638    0.4647   0.04297   0.03256         0
   157/499     5.78G   0.02639   0.01202         0   0.03842        24       448    0.8879      0.94    0.9604    0.4531   0.04126   0.02407         0
   158/499     5.78G    0.0238   0.01126         0   0.03506        24       448    0.9571    0.8667    0.9587    0.5136   0.04068   0.03201         0
   159/499     5.78G   0.02769   0.01269         0   0.04037        24       448    0.9689    0.7267      0.92    0.4963   0.04613   0.03745         0
   160/499     5.78G   0.02878   0.01244         0   0.04122        24       448      0.95    0.6972    0.9233    0.4709   0.04507   0.04666         0
   161/499     5.78G   0.03249   0.01381         0    0.0463        24       448    0.9369    0.6191    0.8562    0.5145   0.04964   0.03618         0
   162/499     5.78G   0.02497    0.0118         0   0.03677        24       448    0.9059    0.5417    0.7634    0.4813   0.05596   0.03174         0
   163/499     5.78G   0.02239    0.0111         0   0.03349        24       448    0.9522      0.67    0.8956    0.5269   0.05175   0.03225         0
   164/499     5.78G   0.02586   0.01158         0   0.03744        24       448    0.8339    0.7433    0.8835    0.3892   0.05482   0.03564         0
   165/499     5.78G   0.02452    0.0117         0   0.03622        24       448    0.9183    0.6927    0.8873    0.4038   0.05421   0.05258         0
   166/499     5.78G   0.02374   0.01109         0   0.03483        24       448    0.8598    0.7267    0.8907     0.451   0.05039   0.04673         0
   167/499     5.78G   0.02438   0.01159         0   0.03598        24       448    0.9451    0.7455    0.9484    0.5355   0.04332   0.04882         0
   168/499     5.78G   0.01897   0.01012         0    0.0291        24       448    0.9912    0.9347     0.991    0.5771   0.03668   0.03395         0
   169/499     5.78G   0.02493   0.01118         0   0.03611        24       448    0.9505    0.8957    0.9772    0.6118   0.03485   0.03917         0
   170/499     5.78G   0.02786   0.01239         0   0.04024        24       448    0.9203    0.8733    0.9588    0.5174   0.03907   0.03923         0
   171/499     5.78G   0.03492   0.01325         0   0.04817        24       448     0.922    0.9333    0.9746    0.4876   0.04145    0.0321         0
   172/499     5.78G   0.02796   0.01213         0   0.04009        24       448    0.7984      0.98    0.9774    0.5584   0.03738    0.0272         0
   173/499     5.78G   0.02206   0.01076         0   0.03282        24       448    0.8168    0.9483    0.9696    0.5979   0.04106   0.02813         0
   174/499     5.78G   0.02289   0.01076         0   0.03365        24       448    0.9015    0.9317    0.9755    0.5936   0.04293   0.02894         0
   175/499     5.78G   0.02469   0.01093         0   0.03562        24       448    0.8535     0.905    0.9288    0.3697   0.05141   0.02637         0
   176/499     5.78G   0.03238   0.01281         0   0.04519        24       448     0.673    0.8667    0.7504    0.2568   0.05683   0.02513         0
   177/499     5.78G   0.03448   0.01382         0   0.04829        24       448    0.7937    0.7822    0.8339    0.2993   0.06036   0.02982         0
   178/499     5.78G   0.03542   0.01446         0   0.04988        24       448    0.4683      0.07    0.1955   0.05226   0.09214   0.05393         0
   179/499     5.78G   0.04375   0.01631         0   0.06007        24       448    0.6773    0.7205     0.783    0.3203   0.05976    0.0295         0
   180/499     5.78G   0.03145   0.01327         0   0.04472        24       448    0.8181    0.9433    0.9486     0.554   0.04816   0.02229         0
   181/499     5.78G   0.02102   0.01088         0    0.0319        24       448    0.8557      0.97    0.9818    0.6331   0.03856   0.02481         0
   182/499     5.78G   0.01551  0.009747         0   0.02526        24       448    0.9014    0.9603    0.9838    0.6118     0.034   0.02237         0
   183/499     5.78G   0.01587  0.008865         0   0.02474        24       448    0.9629    0.9517    0.9888    0.6402   0.03071   0.01895         0
   184/499     5.78G   0.01607  0.008687         0   0.02476        24       448    0.9342    0.9517    0.9869    0.6026   0.03144   0.01925         0
   185/499     5.78G   0.01843  0.009205         0   0.02763        24       448    0.8166     0.935    0.9599    0.5302   0.03455   0.02226         0
   186/499     5.78G   0.01799  0.009267         0   0.02726        24       448    0.8021    0.9267    0.9518    0.5015   0.03776     0.022         0
   187/499     5.78G    0.0199  0.009345         0   0.02924        24       448     0.825    0.9267     0.957     0.525   0.03862   0.02225         0
   188/499     5.78G   0.02167  0.009641         0   0.03131        24       448    0.8304    0.9385    0.9604    0.4941   0.03875     0.023         0
   189/499     5.78G   0.02673   0.01101         0   0.03774        24       448    0.8551    0.8933    0.9285    0.4512   0.04351   0.02765         0
   190/499     5.78G   0.02596   0.01081         0   0.03677        24       448    0.8526    0.8482    0.8932    0.3338   0.05449   0.03311         0
   191/499     5.78G   0.02724   0.01137         0   0.03861        24       448    0.9161     0.895    0.9492    0.4259   0.04742   0.03104         0
   192/499     5.78G   0.02644   0.01196         0    0.0384        24       448    0.8652    0.9717    0.9703    0.4965   0.04269   0.02562         0
   193/499     5.78G   0.02652   0.01231         0   0.03883        24       448    0.9791     0.938    0.9879    0.6163   0.03702   0.03542         0
   194/499     5.78G   0.02007   0.01019         0   0.03025        24       448    0.9709    0.8883    0.9748    0.5891   0.03582   0.03748         0
   195/499     5.78G   0.01927  0.009286         0   0.02856        24       448    0.9304    0.8917    0.9687    0.6042   0.03426    0.0329         0
   196/499     5.78G   0.02373   0.01046         0   0.03419        24       448    0.8703    0.8483    0.9442    0.5035   0.04092   0.03072         0
   197/499     5.78G   0.03547   0.01306         0   0.04852        24       448    0.8499     0.595    0.8092    0.3455   0.06125   0.02931         0
   198/499     5.78G   0.03605   0.01404         0   0.05009        24       448    0.8308    0.5267    0.7316    0.3259   0.07074   0.02544         0
   199/499     5.78G   0.02518   0.01204         0   0.03722        24       448    0.8474    0.7283    0.8871    0.4524   0.06395   0.02722         0
   200/499     5.78G   0.01871   0.01027         0   0.02899        24       448    0.6969    0.9616    0.9478    0.5254   0.05065   0.02001         0
   201/499     5.78G   0.01627  0.009021         0   0.02529        24       448    0.8081    0.9383    0.9417    0.4761   0.04527   0.02262         0
   202/499     5.78G   0.01532   0.00856         0   0.02388        24       448    0.8062    0.9133    0.9239    0.4105     0.047   0.02449         0
   203/499     5.78G   0.01827  0.009209         0   0.02748        24       448    0.7576    0.9063    0.9121     0.388   0.04421   0.02655         0
   204/499     5.78G    0.0219   0.01073         0   0.03263        24       448    0.8585    0.9099    0.9465    0.5186   0.03878   0.02936         0
   205/499     5.78G   0.02901   0.01205         0   0.04105        24       448     0.761    0.8483    0.8617    0.4119   0.04915   0.02755         0
   206/499     5.78G   0.03961   0.01463         0   0.05424        24       448    0.8409     0.895     0.947    0.4812   0.04322   0.02986         0
   207/499     5.78G   0.02824   0.01271         0   0.04095        24       448    0.9355    0.9733    0.9895    0.6009   0.03141   0.01803         0
   208/499     5.78G   0.01698  0.009169         0   0.02615        24       448     0.897    0.9883    0.9923    0.6293   0.03104   0.01731         0
   209/499     5.78G   0.01463  0.008205         0   0.02283        24       448    0.9012    0.9576    0.9814    0.6644   0.03201   0.01908         0
   210/499     5.78G   0.01463   0.00829         0   0.02292        24       448     0.927    0.9467    0.9833    0.6786   0.03038   0.01931         0
   211/499     5.78G   0.01491  0.008246         0   0.02316        24       448    0.9698      0.98    0.9948    0.6149   0.03094   0.01937         0
   212/499     5.78G   0.01724  0.009138         0   0.02638        24       448    0.9628      0.99    0.9917    0.5967   0.03128   0.02046         0
   213/499     5.78G   0.01475  0.007997         0   0.02275        24       448    0.9319     0.981    0.9909    0.5881   0.03152   0.02264         0
   214/499     5.78G   0.01638  0.008404         0   0.02479        24       448    0.9446    0.9733    0.9926     0.631   0.03024   0.02103         0
   215/499     5.78G   0.01817  0.008007         0   0.02617        24       448    0.9607    0.9783    0.9935    0.6694   0.03053   0.02039         0
   216/499     5.78G   0.02033  0.008259         0   0.02859        24       448    0.9326    0.9913    0.9908    0.6879   0.02827   0.01844         0
   217/499     5.78G   0.02297   0.00908         0   0.03205        24       448    0.7953    0.9883     0.977    0.5735   0.03065    0.0194         0
   218/499     5.78G   0.02093   0.01059         0   0.03152        24       448    0.8723      0.99    0.9805    0.5911   0.03009   0.02251         0
   219/499     5.78G   0.01991   0.01022         0   0.03013        24       448    0.9085    0.9598    0.9825    0.6902   0.03157   0.02776         0
   220/499     5.78G   0.01563  0.008767         0    0.0244        24       448    0.9145    0.9833    0.9867    0.7067   0.03026   0.02614         0
   221/499     5.78G   0.01321  0.007408         0   0.02062        24       448     0.898    0.9833    0.9839    0.6937   0.03047   0.02278         0
   222/499     5.78G   0.01401  0.008003         0   0.02201        24       448    0.8689    0.9767    0.9748    0.6336   0.03164   0.02404         0
   223/499     5.78G    0.0175  0.009473         0   0.02697        24       448    0.8598     0.961    0.9719    0.5702   0.03516   0.02597         0
   224/499     5.78G   0.02145   0.01062         0   0.03208        24       448    0.9162    0.9667    0.9853      0.53   0.03965   0.02704         0
   225/499     5.78G   0.02567   0.01088         0   0.03654        24       448    0.9592    0.9667    0.9925    0.5739   0.03347   0.02469         0
   226/499     5.78G   0.02385   0.01092         0   0.03477        24       448    0.9669    0.9727    0.9882    0.6338   0.03017   0.02339         0
   227/499     5.78G    0.0162  0.008732         0   0.02493        24       448    0.9553    0.9817    0.9903    0.6264   0.02986   0.01962         0
   228/499     5.78G   0.01843  0.009324         0   0.02776        24       448    0.9582      0.99    0.9945    0.6009    0.0303   0.01806         0
   229/499     5.78G   0.02507   0.01106         0   0.03613        24       448    0.9862    0.9783    0.9964    0.6343    0.0288   0.02464         0
   230/499     5.78G   0.02371   0.01078         0   0.03449        24       448    0.9638    0.8881    0.9821    0.6479   0.03358   0.03252         0
   231/499     5.78G   0.01767  0.009178         0   0.02685        24       448    0.9632    0.7419    0.9507     0.621   0.03888   0.04354         0
   232/499     5.78G   0.01553  0.008356         0   0.02389        24       448     0.968    0.8069    0.9687    0.6531   0.03672   0.03926         0
   233/499     5.78G   0.01503  0.007656         0   0.02268        24       448    0.9504    0.6709    0.9126    0.5458   0.04548   0.03983         0
   234/499     5.78G   0.01686  0.008384         0   0.02525        24       448    0.9377    0.5967    0.8496    0.4371   0.05577   0.03529         0
   235/499     5.78G   0.02174   0.01004         0   0.03179        24       448    0.9468    0.7125    0.9089    0.5086   0.05292   0.02651         0
   236/499     5.78G   0.01932  0.008947         0   0.02827        24       448    0.7884    0.8883    0.9362    0.5308   0.04924   0.02197         0
   237/499     5.78G   0.02098  0.009197         0   0.03017        24       448    0.6885    0.9117    0.9003    0.4789   0.04823   0.02451         0
   238/499     5.78G   0.02128  0.009359         0   0.03064        24       448    0.6593    0.9317    0.9058    0.4569   0.04079   0.02396         0
   239/499     5.78G   0.02016  0.009694         0   0.02986        24       448    0.8478    0.9867    0.9862    0.6371   0.02883   0.01765         0
   240/499     5.78G   0.01916  0.009829         0   0.02899        24       448    0.9106    0.9967    0.9947    0.6936   0.02834   0.01779         0
   241/499     5.78G   0.02377     0.011         0   0.03477        24       448    0.9817    0.9983    0.9966    0.5948   0.03073   0.01887         0
   242/499     5.78G   0.02656   0.01205         0   0.03861        24       448    0.9478    0.9686    0.9886    0.6431   0.03256    0.0319         0
   243/499     5.78G   0.02335   0.01066         0     0.034        24       448    0.9833    0.9067    0.9824    0.6224   0.04185   0.04399         0
   244/499     5.78G   0.02082   0.00975         0   0.03057        24       448    0.9422    0.8427    0.9629    0.5919   0.04813   0.03796         0
   245/499     5.78G   0.02641   0.01068         0   0.03709        24       448    0.9339    0.7062    0.9052    0.5371   0.05321   0.03112         0
   246/499     5.78G    0.0238   0.01092         0   0.03472        24       448    0.9085    0.7115    0.8964    0.5376   0.05566   0.02189         0
   247/499     5.78G   0.02008   0.01017         0   0.03025        24       448    0.8594    0.7643    0.9166    0.6396   0.05051   0.02057         0
   248/499     5.78G   0.01928  0.009972         0   0.02925        24       448    0.7966    0.8157    0.9138    0.6636   0.04578    0.0216         0
   249/499     5.78G   0.02141   0.01036         0   0.03177        24       448    0.8553    0.7191    0.8852    0.5861   0.04443   0.03406         0
   250/499     5.78G   0.01514  0.008347         0   0.02348        24       448    0.8655    0.7296    0.8719     0.543   0.04546    0.0341         0
   251/499     5.78G   0.01645   0.00868         0   0.02513        24       448    0.8451      0.76    0.8662    0.5295   0.04788   0.02691         0
   252/499     5.78G   0.01551  0.008292         0    0.0238        24       448    0.7126    0.8217    0.8716    0.5085   0.04931   0.02142         0
   253/499     5.78G   0.01995  0.009059         0   0.02901        24       448    0.6597    0.9217     0.908    0.4614   0.04546   0.01889         0
   254/499     5.78G   0.02675    0.0112         0   0.03795        24       448    0.7507     0.925    0.9382    0.4765   0.03787   0.01853         0
   255/499     5.78G   0.02831   0.01248         0   0.04079        24       448    0.9611      0.98    0.9935    0.6489   0.02365   0.01359         0
   256/499     5.78G   0.02335   0.01144         0    0.0348        24       448    0.9926         1    0.9965    0.7356   0.02194   0.01469         0
   257/499     5.78G   0.02034   0.01054         0   0.03088        24       448    0.9912         1    0.9969    0.7393   0.02229   0.01943         0
   258/499     5.78G   0.01728  0.009598         0   0.02688        24       448    0.9884    0.9883     0.997    0.7153   0.02785   0.02635         0
   259/499     5.78G   0.01586   0.00864         0    0.0245        24       448    0.9526    0.9783    0.9949    0.7009   0.03122   0.02576         0
   260/499     5.78G   0.01744  0.008505         0   0.02595        24       448    0.9464    0.8883    0.9762    0.6809   0.03663   0.03222         0
   261/499     5.78G   0.02177  0.009321         0   0.03109        24       448    0.9181      0.71    0.9113    0.5591   0.04417   0.03704         0
   262/499     5.78G    0.0286   0.01208         0   0.04068        24       448     0.864      0.66    0.8569    0.4717   0.04702   0.03614         0
   263/499     5.78G   0.02576   0.01206         0   0.03781        24       448     0.909    0.6517    0.8099      0.44   0.05827   0.02586         0
   264/499     5.78G   0.01733  0.009101         0   0.02643        24       448      0.84    0.9433    0.9592    0.6429   0.04321   0.02057         0
   265/499     5.78G   0.01253   0.00759         0   0.02012        24       448    0.7991    0.9733    0.9766    0.6919   0.03654   0.02054         0
   266/499     5.78G   0.01107  0.006977         0   0.01804        24       448    0.8002    0.9667    0.9687    0.6551   0.03797   0.01932         0
   267/499     5.78G  0.009445  0.006239         0   0.01568        24       448    0.8595      0.98    0.9858    0.6665   0.03488   0.01903         0
   268/499     5.78G   0.01001  0.006091         0    0.0161        24       448    0.8908     0.985    0.9877    0.6983   0.03105   0.01954         0
   269/499     5.78G   0.01272  0.007012         0   0.01973        24       448    0.9125    0.9731    0.9855    0.7147   0.03073   0.02069         0
   270/499     5.78G   0.01469   0.00762         0   0.02231        24       448    0.9266    0.9679     0.987    0.7019   0.03106    0.0209         0
   271/499     5.78G   0.01624  0.008064         0    0.0243        24       448    0.9114    0.9667    0.9848    0.6654   0.03154    0.0213         0
   272/499     5.78G   0.02175   0.01011         0   0.03186        24       448     0.881    0.9501    0.9743    0.6347   0.03267   0.02262         0
   273/499     5.78G   0.02166   0.00993         0   0.03159        24       448    0.8492    0.9567    0.9685    0.5881   0.03518   0.02293         0
   274/499     5.78G   0.01811  0.009117         0   0.02723        24       448    0.8004    0.9817    0.9832    0.5802   0.03651   0.01863         0
   275/499     5.78G   0.01685  0.008439         0   0.02529        24       448    0.8577    0.9933     0.994    0.5897   0.03526   0.01586         0
   276/499     5.78G   0.02463   0.01117         0    0.0358        24       448    0.8973    0.9933    0.9955    0.6315   0.02995   0.01478         0
   277/499     5.78G   0.02166   0.01163         0   0.03329        24       448    0.9621         1    0.9964    0.7034   0.02529   0.01618         0
   278/499     5.78G   0.01441  0.008813         0   0.02323        24       448     0.933    0.9867    0.9951    0.7625   0.02798   0.02392         0
   279/499     5.78G   0.01125  0.007106         0   0.01835        24       448    0.9434    0.9883    0.9955    0.7711   0.02732   0.02475         0
   280/499     5.78G   0.01238  0.006644         0   0.01902        24       448    0.9338     0.987    0.9948    0.7692   0.02814   0.02335         0
   281/499     5.78G   0.01534  0.007243         0   0.02259        24       448    0.9005      0.98    0.9862    0.7292   0.03053   0.02158         0
   282/499     5.78G   0.01722  0.008297         0   0.02552        24       448    0.8526    0.8633    0.9155    0.5686   0.04475   0.02134         0
   283/499     5.78G   0.01713  0.008376         0    0.0255        24       448    0.8081    0.6433    0.7455    0.4572   0.06222   0.01765         0
   284/499     5.78G    0.0249   0.01133         0   0.03623        24       448    0.8189    0.6405    0.7539    0.4888   0.06384   0.01585         0
   285/499     5.78G   0.02944   0.01287         0   0.04231        24       448    0.8493    0.7984    0.9224    0.6396   0.04837   0.02101         0
   286/499     5.78G   0.01743   0.00963         0   0.02706        24       448    0.8646    0.8725     0.942    0.6469   0.03725   0.03956         0
   287/499     5.78G   0.01137  0.007225         0   0.01859        24       448    0.8226    0.8812    0.9381      0.62   0.04165   0.03108         0
   288/499     5.78G   0.01082  0.006797         0   0.01762        24       448    0.7943    0.9268    0.9534    0.6382   0.04068   0.02219         0
   289/499     5.78G   0.01301  0.007184         0   0.02019        24       448    0.7556    0.9417    0.9515    0.5981   0.04103   0.01895         0
   290/499     5.78G   0.01743   0.00861         0   0.02604        24       448    0.7298    0.9497    0.9531    0.5539   0.03901   0.01728         0
   291/499     5.78G    0.0222    0.0106         0   0.03279        24       448    0.8704    0.9767    0.9822    0.6182   0.03186    0.0164         0
   292/499     5.78G    0.0166  0.008924         0   0.02552        24       448    0.8992    0.9633    0.9841    0.6179   0.03283   0.01767         0
   293/499     5.78G   0.01578  0.008226         0     0.024        24       448    0.8044    0.9283    0.9582     0.535   0.04065    0.0189         0
   294/499     5.78G   0.02846   0.01215         0   0.04062        24       448    0.7328    0.7417     0.813     0.363   0.05373   0.02254         0
   295/499     5.78G   0.03137   0.01505         0   0.04642        24       448    0.6423      0.64    0.6898    0.3556   0.05819   0.03675         0
   296/499     5.78G   0.01478   0.01011         0   0.02489        24       448    0.7626    0.7933    0.8615    0.4922   0.05407    0.0321         0
   297/499     5.78G   0.01099   0.00756         0   0.01855        24       448    0.7674    0.9833    0.9805    0.6802   0.04205   0.01634         0
   298/499     5.78G   0.01193  0.007098         0   0.01903        24       448    0.7885    0.9917    0.9939    0.7719   0.03211     0.015         0
   299/499     5.78G   0.01077  0.006406         0   0.01718        24       448    0.8152    0.9917    0.9917    0.7797   0.02821    0.0166         0
   300/499     5.78G   0.01099  0.006253         0   0.01724        24       448    0.8475    0.9933    0.9907    0.7525   0.02723   0.01661         0
   301/499     5.78G   0.01186  0.006956         0   0.01882        24       448    0.8769    0.9969    0.9918    0.7046   0.02714    0.0156         0
   302/499     5.78G   0.01447  0.008312         0   0.02278        24       448    0.8245    0.9883    0.9818    0.7018   0.02993   0.01456         0
   303/499     5.78G   0.01756  0.009144         0    0.0267        24       448    0.7648    0.9865    0.9669    0.6427   0.03818     0.014         0
   304/499     5.78G   0.02516   0.01148         0   0.03663        24       448    0.7369      0.97    0.9426     0.614   0.04233   0.01516         0
   305/499     5.78G   0.02548    0.0114         0   0.03688        24       448    0.8215    0.9717    0.9801    0.6976   0.03711   0.01887         0
   306/499     5.78G   0.01462  0.008463         0   0.02308        24       448    0.8423     0.979     0.987    0.7228   0.03198   0.01898         0
   307/499     5.78G  0.009004  0.006363         0   0.01537        24       448    0.8659    0.9867    0.9897    0.7462    0.0289   0.01781         0
   308/499     5.78G   0.00762  0.005726         0   0.01335        24       448    0.9158    0.9967    0.9932    0.7697   0.02433   0.01531         0
   309/499     5.78G  0.007092  0.005243         0   0.01234        24       448    0.9489         1    0.9951    0.7726   0.02138   0.01312         0
   310/499     5.78G  0.007733  0.005382         0   0.01311        24       448    0.9585         1    0.9958    0.7808   0.01982   0.01206         0
   311/499     5.78G  0.008346  0.005428         0   0.01377        24       448    0.9656         1    0.9956     0.773   0.01987   0.01214         0
   312/499     5.78G  0.008556  0.005534         0   0.01409        24       448    0.9636    0.9983    0.9951    0.7784   0.02014   0.01256         0
   313/499     5.78G  0.009471  0.005959         0   0.01543        24       448    0.9552    0.9955    0.9948    0.7502   0.02111   0.01342         0
   314/499     5.78G   0.01183  0.006876         0   0.01871        24       448    0.9567    0.9946    0.9942    0.7374   0.02168   0.01363         0
   315/499     5.78G   0.01333  0.007762         0   0.02109        24       448    0.9653      0.99    0.9952    0.7465   0.02177   0.01357         0
   316/499     5.78G   0.01517  0.007794         0   0.02297        24       448    0.9674     0.988    0.9953     0.742   0.02175   0.01321         0
   317/499     5.78G   0.01772  0.008303         0   0.02603        24       448    0.9707    0.9983    0.9963    0.7389   0.02144    0.0125         0
   318/499     5.78G   0.01863  0.009072         0   0.02771        24       448    0.9753         1    0.9964    0.7085   0.02345    0.0135         0
   319/499     5.78G   0.01568  0.008903         0   0.02458        24       448    0.9552    0.9957    0.9951    0.6991   0.02673   0.01667         0
   320/499     5.78G   0.01201  0.007305         0   0.01932        24       448    0.9331    0.9933    0.9946    0.6821   0.02992   0.01969         0
   321/499     5.78G  0.009458  0.006032         0   0.01549        24       448    0.9301     0.995    0.9958    0.7037   0.02855   0.01926         0
   322/499     5.78G  0.008534  0.005376         0   0.01391        24       448    0.9513     0.995    0.9963     0.737   0.02587   0.01759         0
   323/499     5.78G  0.007686  0.004879         0   0.01257        24       448    0.9414     0.995    0.9949    0.7592   0.02433   0.01608         0
   324/499     5.78G  0.007895  0.005052         0   0.01295        24       448    0.9309     0.995    0.9946    0.7568   0.02391   0.01517         0
   325/499     5.78G  0.009917  0.006042         0   0.01596        24       448    0.9252    0.9933    0.9938    0.7444   0.02437   0.01488         0
   326/499     5.78G   0.01381  0.007269         0   0.02108        24       448    0.9215    0.9917    0.9917    0.7429   0.02428   0.01474         0
   327/499     5.78G   0.01567  0.007337         0   0.02301        24       448    0.9312     0.985    0.9922     0.742   0.02354    0.0149         0
   328/499     5.78G   0.01379  0.007781         0   0.02157        24       448    0.9309    0.9883    0.9937     0.752   0.02345   0.01647         0
   329/499     5.78G   0.01095   0.00682         0   0.01778        24       448      0.93    0.9867    0.9926    0.7384   0.02675   0.01938         0
   330/499     5.78G   0.01136  0.006842         0    0.0182        24       448    0.9097    0.9742    0.9898    0.7454    0.0308   0.02129         0
   331/499     5.78G   0.01333   0.00736         0   0.02069        24       448    0.8812    0.9667     0.984    0.7203   0.03468   0.02169         0
   332/499     5.78G   0.01795  0.008463         0   0.02642        24       448    0.8007    0.9683    0.9783    0.6956   0.03644   0.01971         0
   333/499     5.78G   0.01701  0.009118         0   0.02613        24       448    0.8004    0.9833    0.9839    0.7035   0.03549   0.01803         0
   334/499     5.78G    0.0104  0.006617         0   0.01702        24       448    0.7974    0.9833    0.9866    0.7073   0.03586   0.01786         0
   335/499     5.78G  0.008826  0.005963         0   0.01479        24       448    0.8121    0.9866    0.9891    0.7221   0.03412   0.01762         0
   336/499     5.78G  0.008112  0.005561         0   0.01367        24       448    0.8533    0.9917    0.9928    0.7339   0.03166   0.01739         0
   337/499     5.78G  0.008859  0.005659         0   0.01452        24       448    0.9147    0.9933    0.9956    0.7534   0.02769   0.01624         0
   338/499     5.78G   0.01182  0.006599         0   0.01841        24       448    0.9629    0.9961     0.997    0.7622    0.0245   0.01542         0
   339/499     5.78G   0.01464   0.00719         0   0.02183        24       448     0.981     0.995    0.9972    0.7706   0.02248   0.01455         0
   340/499     5.78G   0.01213  0.006446         0   0.01858        24       448    0.9868    0.9949    0.9972    0.7956   0.02043   0.01394         0
   341/499     5.78G   0.01181   0.00672         0   0.01853        24       448    0.9967    0.9968    0.9974    0.8012   0.01988   0.01364         0
   342/499     5.78G  0.008436   0.00561         0   0.01405        24       448    0.9967    0.9984    0.9974    0.7941   0.02005    0.0134         0
   343/499     5.78G  0.007889  0.005293         0   0.01318        24       448    0.9941         1    0.9974    0.7902    0.0203   0.01319         0
   344/499     5.78G   0.00849  0.005482         0   0.01397        24       448    0.9898    0.9983    0.9974    0.7892   0.02117   0.01331         0
   345/499     5.78G  0.009896  0.005923         0   0.01582        24       448    0.9865    0.9967    0.9972    0.7616   0.02327   0.01381         0
   346/499     5.78G   0.01344   0.00704         0   0.02048        24       448    0.9784    0.9967    0.9969    0.7162   0.02572    0.0148         0
   347/499     5.78G   0.01555  0.008294         0   0.02385        24       448    0.9228     0.995    0.9956    0.7201   0.02661    0.0147         0
   348/499     5.78G   0.01436  0.007626         0   0.02199        24       448    0.8115     0.995    0.9921    0.7155   0.02876   0.01485         0
   349/499     5.78G   0.01601  0.008624         0   0.02463        24       448    0.8241     0.995    0.9909    0.7407   0.02822   0.01587         0
   350/499     5.78G   0.01536  0.008401         0   0.02376        24       448    0.8629    0.9917    0.9909    0.7528   0.02802   0.01808         0
   351/499     5.78G    0.0117  0.006744         0   0.01845        24       448    0.8409      0.98    0.9896    0.7607   0.02964   0.01957         0
   352/499     5.78G   0.01166   0.00682         0   0.01848        24       448    0.8661    0.9867    0.9911    0.7717   0.02913   0.01989         0
   353/499     5.78G   0.01041  0.006626         0   0.01703        24       448    0.9218    0.9867    0.9933    0.7877   0.02654   0.01995         0
   354/499     5.78G  0.006892  0.004981         0   0.01187        24       448    0.9457    0.9869    0.9946    0.8064   0.02509   0.01973         0
   355/499     5.78G  0.006673  0.004616         0   0.01129        24       448    0.9594    0.9851    0.9951     0.812   0.02465   0.01805         0
   356/499     5.78G  0.007275  0.004921         0    0.0122        24       448    0.9412    0.9871    0.9948    0.7882   0.02544   0.01698         0
   357/499     5.78G  0.009421  0.005942         0   0.01536        24       448    0.9207    0.9875     0.993    0.7657    0.0267   0.01685         0
   358/499     5.78G   0.01305  0.007517         0   0.02056        24       448    0.8961    0.9771    0.9892    0.7155   0.02841   0.01716         0
   359/499     5.78G   0.01429  0.007971         0   0.02226        24       448    0.9244    0.9833    0.9921     0.712   0.02672   0.01602         0
   360/499     5.78G   0.01179    0.0064         0   0.01819        24       448    0.9529    0.9833    0.9945    0.7142   0.02528    0.0147         0
   361/499     5.78G   0.01282  0.006687         0   0.01951        24       448    0.9597     0.991    0.9959     0.741   0.02436    0.0138         0
   362/499     5.78G  0.009544  0.005742         0   0.01529        24       448    0.9676    0.9943    0.9965    0.7487   0.02355   0.01353         0
   363/499     5.78G  0.007276  0.004986         0   0.01226        24       448     0.966    0.9967    0.9965    0.7686   0.02247   0.01307         0
   364/499     5.78G  0.006589  0.004784         0   0.01137        24       448    0.9705    0.9967    0.9966    0.7764   0.02162   0.01273         0
   365/499     5.78G  0.007544  0.005179         0   0.01272        24       448    0.9744    0.9967    0.9966    0.7869   0.02098   0.01248         0
   366/499     5.78G  0.007186  0.004845         0   0.01203        24       448    0.9741     0.995    0.9964    0.7847   0.02122    0.0127         0
   367/499     5.78G  0.007165  0.004574         0   0.01174        24       448    0.9795     0.995    0.9964     0.779   0.02097   0.01266         0
   368/499     5.78G  0.007815  0.004801         0   0.01262        24       448    0.9797    0.9933    0.9963    0.7758   0.02068   0.01265         0
   369/499     5.78G  0.008614  0.005173         0   0.01379        24       448    0.9738    0.9906     0.996    0.7709   0.02119   0.01307         0
   370/499     5.78G  0.008177   0.00531         0   0.01349        24       448    0.9566    0.9883    0.9953    0.7556   0.02288   0.01412         0
   371/499     5.78G  0.009915  0.006254         0   0.01617        24       448    0.9308    0.9857    0.9929     0.729   0.02524   0.01518         0
   372/499     5.78G   0.01329  0.007617         0   0.02091        24       448    0.9151    0.9867    0.9914    0.7294   0.02585   0.01567         0
   373/499     5.78G   0.01275  0.007192         0   0.01994        24       448    0.9282    0.9905    0.9949    0.7632   0.02414   0.01487         0
   374/499     5.78G  0.008896  0.005646         0   0.01454        24       448    0.9492    0.9967    0.9963    0.7744   0.02335   0.01447         0
   375/499     5.78G  0.007449  0.005093         0   0.01254        24       448    0.9607         1    0.9967    0.7811   0.02278   0.01455         0
   376/499     5.78G   0.00519  0.004139         0  0.009329        24       448    0.9506         1    0.9962    0.7841   0.02246    0.0143         0
   377/499     5.78G   0.00494  0.004064         0  0.009004        24       448    0.9403    0.9981    0.9956    0.7895   0.02212    0.0138         0
   378/499     5.78G  0.005011  0.004043         0  0.009054        24       448     0.942    0.9967    0.9962    0.7859   0.02189    0.0133         0
   379/499     5.78G  0.005895   0.00444         0   0.01034        24       448    0.9464    0.9967    0.9962    0.7882   0.02188     0.013         0
   380/499     5.78G  0.007111  0.005031         0   0.01214        24       448    0.9431    0.9967    0.9956    0.7765   0.02283   0.01314         0
   381/499     5.78G  0.007122  0.004699         0   0.01182        24       448    0.9364    0.9967    0.9944    0.7755    0.0233   0.01343         0
   382/499     5.78G  0.006774   0.00487         0   0.01164        24       448     0.933    0.9967    0.9937     0.782   0.02305   0.01333         0
   383/499     5.78G  0.006172  0.004476         0   0.01065        24       448    0.9288    0.9967    0.9935    0.7852   0.02248   0.01316         0
   384/499     5.78G  0.006302  0.004297         0    0.0106        24       448    0.9389     0.998    0.9939     0.786   0.02186   0.01274         0
   385/499     5.78G  0.005722  0.003807         0  0.009529        24       448    0.9433     0.995    0.9944    0.7895   0.02078   0.01212         0
   386/499     5.78G  0.006234  0.004108         0   0.01034        24       448    0.9558    0.9933     0.995    0.7919   0.01984    0.0115         0
   387/499     5.78G  0.007853  0.005012         0   0.01287        24       448    0.9572    0.9933    0.9949    0.7889   0.01955   0.01137         0
   388/499     5.78G   0.00824  0.005124         0   0.01336        24       448    0.9526    0.9933    0.9937    0.7866      0.02    0.0116         0
   389/499     5.78G  0.006931  0.004515         0   0.01145        24       448    0.9309    0.9887    0.9922    0.7718   0.02135   0.01237         0
   390/499     5.78G  0.006282  0.004229         0   0.01051        24       448    0.9028    0.9867    0.9907    0.7543     0.023   0.01314         0
   391/499     5.78G  0.006801  0.004819         0   0.01162        24       448    0.8975    0.9867    0.9891    0.7525     0.024   0.01374         0
   392/499     5.78G  0.006306   0.00467         0   0.01098        24       448    0.8835    0.9883    0.9895    0.7557   0.02456   0.01415         0
   393/499     5.78G  0.006295  0.004558         0   0.01085        24       448    0.9048    0.9883    0.9898    0.7623   0.02456   0.01411         0
   394/499     5.78G  0.007931   0.00492         0   0.01285        24       448    0.9239    0.9917    0.9909    0.7639   0.02413    0.0138         0
   395/499     5.78G  0.007411  0.004672         0   0.01208        24       448    0.9491    0.9943    0.9931    0.7589   0.02329    0.0133         0
   396/499     5.78G  0.007199   0.00463         0   0.01183        24       448    0.9691         1    0.9954     0.758   0.02221   0.01267         0
   397/499     5.78G   0.00714  0.004851         0   0.01199        24       448    0.9759    0.9983    0.9962     0.757   0.02133   0.01231         0
   398/499     5.78G  0.006196  0.004238         0   0.01043        24       448    0.9849    0.9983    0.9965    0.7668   0.02068   0.01196         0
   399/499     5.78G  0.006019  0.003921         0   0.00994        24       448    0.9845    0.9983    0.9966    0.7665   0.02071   0.01207         0
   400/499     5.78G  0.005788  0.003931         0  0.009719        24       448    0.9773     0.995    0.9964    0.7814   0.02008   0.01195         0
   401/499     5.78G  0.007531  0.005021         0   0.01255        24       448     0.966    0.9937    0.9959    0.7954   0.01967   0.01185         0
   402/499     5.78G  0.008655  0.005454         0   0.01411        24       448    0.9747    0.9917     0.996     0.798   0.01952   0.01202         0
   403/499     5.78G  0.007961     0.005         0   0.01296        24       448    0.9652    0.9917    0.9946    0.7993   0.01967   0.01243         0
   404/499     5.78G  0.006027  0.004018         0   0.01005        24       448    0.9643    0.9883    0.9948    0.7976   0.02008   0.01304         0
   405/499     5.78G   0.00538   0.00374         0   0.00912        24       448    0.9708    0.9883    0.9952    0.7962   0.02034   0.01312         0
   406/499     5.78G  0.005679  0.003992         0  0.009671        24       448    0.9738    0.9909    0.9954    0.7917   0.02057   0.01295         0
   407/499     5.78G  0.006681  0.004581         0   0.01126        24       448     0.972    0.9933    0.9957    0.7848   0.02092   0.01276         0
   408/499     5.78G  0.006027   0.00422         0   0.01025        24       448    0.9692    0.9963    0.9957     0.785   0.02129   0.01277         0
   409/499     5.78G  0.006739   0.00419         0   0.01093        24       448    0.9565    0.9967    0.9952    0.7726   0.02185   0.01304         0
   410/499     5.78G  0.007131  0.004539         0   0.01167        24       448    0.9537    0.9967     0.995    0.7715   0.02205   0.01328         0
   411/499     5.78G  0.006922  0.004518         0   0.01144        24       448    0.9505    0.9967    0.9944    0.7731   0.02211   0.01338         0
   412/499     5.78G  0.006344   0.00421         0   0.01055        24       448     0.961    0.9967    0.9958    0.7794   0.02178   0.01318         0
   413/499     5.78G  0.005411  0.004225         0  0.009636        24       448    0.9693    0.9983    0.9961    0.7791   0.02119   0.01282         0
   414/499     5.78G  0.004135  0.003481         0  0.007615        24       448    0.9739         1    0.9965    0.7887    0.0205   0.01237         0
   415/499     5.78G  0.003792    0.0032         0  0.006991        24       448    0.9774    0.9983    0.9965    0.7941   0.02012   0.01218         0
   416/499     5.78G  0.004148  0.003283         0  0.007431        24       448    0.9804    0.9967    0.9965    0.7932   0.01975   0.01197         0
   417/499     5.78G   0.00468  0.003417         0  0.008097        24       448    0.9797    0.9967    0.9963     0.796    0.0193   0.01168         0
   418/499     5.78G  0.005501  0.003616         0  0.009117        24       448    0.9769    0.9967    0.9961    0.7984   0.01897   0.01141         0
   419/499     5.78G  0.006369  0.003729         0    0.0101        24       448    0.9799    0.9967    0.9958    0.7975   0.01882   0.01123         0
   420/499     5.78G  0.006859  0.004278         0   0.01114        24       448    0.9771    0.9948    0.9956    0.7942   0.01864   0.01123         0
   421/499     5.78G  0.006782  0.004864         0   0.01165        24       448    0.9717    0.9933    0.9959    0.7962   0.01857   0.01136         0
   422/499     5.78G  0.006186  0.004683         0   0.01087        24       448    0.9782    0.9933    0.9961    0.8007   0.01866   0.01152         0
   423/499     5.78G  0.004936   0.00391         0  0.008845        24       448    0.9747    0.9933    0.9954    0.7972   0.01899   0.01174         0
   424/499     5.78G  0.004785  0.003582         0  0.008367        24       448    0.9702    0.9933    0.9951    0.7898   0.01958   0.01216         0
   425/499     5.78G  0.004793  0.003682         0  0.008474        24       448    0.9707    0.9934    0.9952    0.7908   0.02005    0.0126         0
   426/499     5.78G  0.004269  0.003479         0  0.007747        24       448    0.9675    0.9938    0.9952    0.7904   0.02015   0.01276         0
   427/499     5.78G  0.003577  0.002866         0  0.006443        24       448    0.9691    0.9937    0.9951    0.7946   0.02023   0.01273         0
   428/499     5.78G  0.004064  0.002909         0  0.006973        24       448    0.9707    0.9937    0.9952    0.7951   0.02029   0.01261         0
   429/499     5.78G  0.004443  0.003064         0  0.007507        24       448     0.966    0.9938    0.9951    0.7908   0.02047   0.01261         0
   430/499     5.78G  0.005402  0.003396         0  0.008798        24       448    0.9625    0.9933     0.995    0.7829   0.02053   0.01259         0
   431/499     5.78G   0.00585  0.004134         0  0.009984        24       448    0.9629    0.9942    0.9952    0.7746   0.02064   0.01248         0
   432/499     5.78G   0.00649  0.004715         0   0.01121        24       448    0.9692    0.9952    0.9962    0.7787   0.02052   0.01234         0
   433/499     5.78G  0.006583  0.004672         0   0.01126        24       448     0.963    0.9967    0.9959    0.7833   0.02029   0.01221         0
   434/499     5.78G  0.005436  0.004087         0  0.009524        24       448    0.9557    0.9967    0.9956    0.7889   0.02006   0.01222         0
   435/499     5.78G  0.004597  0.003721         0  0.008317        24       448    0.9522    0.9971    0.9952    0.7958   0.01988   0.01236         0
   436/499     5.78G  0.003441  0.002968         0  0.006409        24       448    0.9522    0.9966     0.995    0.7986   0.01973   0.01248         0
   437/499     5.78G  0.003497  0.002786         0  0.006282        24       448    0.9562    0.9967    0.9954    0.8047   0.01932    0.0123         0
   438/499     5.78G  0.003289  0.002746         0  0.006036        24       448    0.9661    0.9974    0.9959    0.8095   0.01883   0.01197         0
   439/499     5.78G  0.003328   0.00273         0  0.006058        24       448    0.9716    0.9967    0.9961    0.8095   0.01857   0.01165         0
   440/499     5.78G  0.003936  0.002977         0  0.006913        24       448    0.9809    0.9967    0.9966    0.8082   0.01846   0.01141         0
   441/499     5.78G  0.005108  0.003456         0  0.008564        24       448    0.9817    0.9967    0.9964    0.8084   0.01836   0.01121         0
   442/499     5.78G  0.006163  0.004236         0    0.0104        24       448    0.9816    0.9967    0.9964    0.8068   0.01845    0.0112         0
   443/499     5.78G  0.005838   0.00422         0   0.01006        24       448    0.9787    0.9959    0.9961    0.8018   0.01873   0.01143         0
   444/499     5.78G   0.00424  0.003346         0  0.007586        24       448    0.9736     0.995    0.9953    0.8028   0.01898   0.01179         0
   445/499     5.78G  0.003702  0.002891         0  0.006593        24       448    0.9707    0.9944    0.9949    0.8051    0.0191   0.01202         0
   446/499     5.78G  0.002769  0.002443         0  0.005212        24       448    0.9771    0.9947    0.9951    0.8054     0.019   0.01193         0
   447/499     5.78G  0.002734  0.002475         0  0.005209        24       448    0.9771     0.995    0.9951    0.8012   0.01903   0.01183         0
   448/499     5.78G  0.002936  0.002492         0  0.005428        24       448    0.9771    0.9949    0.9951    0.7983   0.01919   0.01188         0
   449/499     5.78G  0.003481  0.002735         0  0.006216        24       448    0.9739    0.9949    0.9953    0.7965   0.01921   0.01187         0
   450/499     5.78G  0.003643  0.002998         0  0.006641        24       448    0.9737     0.995    0.9955    0.7929   0.01915   0.01174         0
   451/499     5.78G   0.00396  0.003182         0  0.007142        24       448    0.9734     0.995    0.9958    0.7893   0.01913   0.01164         0
   452/499     5.78G  0.004298  0.003325         0  0.007623        24       448    0.9712     0.995    0.9957    0.7861   0.01907   0.01158         0
   453/499     5.78G  0.004439    0.0033         0  0.007738        24       448     0.966    0.9959    0.9957    0.7817   0.01919   0.01159         0
   454/499     5.78G  0.004902  0.003395         0  0.008296        24       448     0.966    0.9946    0.9954     0.781   0.01935   0.01166         0
   455/499     5.78G  0.004379   0.00305         0   0.00743        24       448    0.9597    0.9933    0.9945    0.7752   0.01954   0.01183         0
   456/499     5.78G  0.004385  0.003097         0  0.007482        24       448    0.9597    0.9933    0.9951    0.7755   0.01949   0.01185         0
   457/499     5.78G  0.004395   0.00305         0  0.007445        24       448    0.9544    0.9933    0.9948    0.7772    0.0194   0.01187         0
   458/499     5.78G  0.003602  0.002746         0  0.006347        24       448    0.9569    0.9933    0.9951    0.7854   0.01908   0.01172         0
   459/499     5.78G  0.003399   0.00268         0  0.006079        24       448    0.9596     0.995    0.9954     0.788   0.01871   0.01149         0
   460/499     5.78G  0.003238  0.002657         0  0.005894        24       448    0.9706    0.9967    0.9959    0.7927   0.01834   0.01124         0
   461/499     5.78G  0.003667  0.002956         0  0.006623        24       448    0.9708     0.997    0.9961    0.7995   0.01811   0.01108         0
   462/499     5.78G  0.004501  0.003384         0  0.007885        24       448    0.9724     0.998     0.996    0.7962   0.01806   0.01104         0
   463/499     5.78G  0.005695  0.004007         0  0.009701        24       448    0.9745    0.9967    0.9958    0.7942   0.01819   0.01114         0
   464/499     5.78G  0.005681  0.003853         0  0.009534        24       448    0.9771    0.9967    0.9958    0.7976   0.01821   0.01123         0
   465/499     5.78G  0.005079  0.003638         0  0.008717        24       448    0.9757     0.995    0.9957    0.8008   0.01823   0.01133         0
   466/499     5.78G  0.004783  0.003436         0  0.008219        24       448    0.9673     0.995    0.9952    0.8013   0.01827   0.01137         0
   467/499     5.78G  0.004151  0.003106         0  0.007256        24       448    0.9723     0.994    0.9958     0.799   0.01842   0.01147         0
   468/499     5.78G  0.003761   0.00289         0   0.00665        24       448    0.9713    0.9933    0.9954    0.7946   0.01874   0.01171         0
   469/499     5.78G  0.003762  0.002939         0  0.006702        24       448    0.9698    0.9933    0.9953    0.7889   0.01916   0.01197         0
   470/499     5.78G  0.003893  0.002958         0  0.006852        24       448     0.966    0.9933    0.9948     0.781   0.01972   0.01229         0
   471/499     5.78G  0.004894  0.003415         0  0.008309        24       448     0.966    0.9936    0.9949    0.7759   0.02015   0.01253         0
   472/499     5.78G  0.006088  0.004102         0   0.01019        24       448    0.9582    0.9937    0.9943    0.7719   0.02026   0.01256         0
   473/499     5.78G  0.005919  0.004425         0   0.01034        24       448    0.9677    0.9933    0.9945    0.7807   0.01971    0.0122         0
   474/499     5.78G  0.004509  0.003474         0  0.007982        24       448    0.9755    0.9954    0.9952    0.7864   0.01898   0.01177         0
   475/499     5.78G  0.004034  0.003108         0  0.007142        24       448    0.9756    0.9975    0.9961    0.7939   0.01847   0.01145         0
   476/499     5.78G  0.003612  0.002892         0  0.006504        24       448    0.9788    0.9993    0.9964    0.7998   0.01808   0.01127         0
   477/499     5.78G  0.003114  0.002464         0  0.005579        24       448    0.9804    0.9996    0.9965    0.8029   0.01785   0.01116         0
   478/499     5.78G  0.002854  0.002358         0  0.005212        24       448     0.982    0.9988    0.9967    0.8075   0.01767   0.01114         0
   479/499     5.78G  0.002689  0.002373         0  0.005062        24       448    0.9836    0.9983    0.9968    0.8128   0.01745   0.01106         0
   480/499     5.78G  0.002944  0.002503         0  0.005446        24       448    0.9836    0.9979    0.9968    0.8157   0.01737   0.01098         0
   481/499     5.78G  0.003004  0.002564         0  0.005568        24       448    0.9807    0.9967    0.9966    0.8152   0.01736   0.01094         0
   482/499     5.78G  0.003354  0.002761         0  0.006114        24       448    0.9819    0.9968    0.9965    0.8168   0.01733   0.01086         0
   483/499     5.78G  0.003937  0.002963         0  0.006901        24       448    0.9819    0.9965    0.9965    0.8156   0.01723   0.01075         0
   484/499     5.78G   0.00401  0.003104         0  0.007114        24       448    0.9803     0.996    0.9967    0.8178   0.01715   0.01067         0
   485/499     5.78G  0.005205  0.003868         0  0.009073        24       448    0.9819    0.9951    0.9966    0.8149   0.01725   0.01071         0
   486/499     5.78G  0.004471  0.003667         0  0.008138        24       448    0.9835    0.9958    0.9965     0.813   0.01757   0.01096         0
   487/499     5.78G  0.003145   0.00265         0  0.005796        24       448    0.9771    0.9933    0.9956    0.8117   0.01803   0.01135         0
   488/499     5.78G  0.003119  0.002419         0  0.005538        24       448    0.9771    0.9943    0.9956     0.808   0.01845   0.01169         0
   489/499     5.78G  0.003337  0.002425         0  0.005761        24       448    0.9748    0.9933    0.9954    0.8036   0.01883   0.01192         0
   490/499     5.78G  0.004158  0.002893         0  0.007051        24       448    0.9744    0.9933    0.9954    0.7981   0.01917   0.01209         0
   491/499     5.78G  0.004414  0.003472         0  0.007886        24       448    0.9698    0.9933    0.9955    0.7941   0.01946   0.01223         0
   492/499     5.78G  0.004598  0.003714         0  0.008312        24       448    0.9676    0.9947    0.9952     0.795    0.0195   0.01229         0
   493/499     5.78G   0.00434  0.003569         0  0.007909        24       448    0.9645     0.995    0.9951    0.7938   0.01936   0.01224         0
   494/499     5.78G  0.003596  0.003067         0  0.006662        24       448    0.9641    0.9967    0.9953    0.8004   0.01902   0.01204         0
   495/499     5.78G  0.003785  0.003224         0  0.007009        24       448    0.9674    0.9967    0.9959    0.8038   0.01869   0.01182         0
   496/499     5.78G  0.003252  0.002849         0  0.006101        24       448     0.969    0.9967    0.9961     0.808   0.01852   0.01172         0
   497/499     5.78G  0.002994  0.002615         0  0.005609        24       448    0.9692    0.9953    0.9956    0.8097   0.01842   0.01168         0
   498/499     5.78G  0.002854  0.002428         0  0.005283        24       448    0.9707     0.995    0.9958    0.8107   0.01827   0.01161         0
   499/499     5.78G  0.002732  0.002275         0  0.005007        24       448    0.9672    0.9967    0.9957     0.812   0.01805   0.01146         0
