     0/499    0.277G     0.125       0.1         0     0.225        16       448         0         0         0         0         0         0         0
     1/499     4.35G    0.1195   0.07293         0    0.1924        16       448         0         0         0         0         0         0         0
     2/499     4.35G    0.1132   0.06338         0    0.1766        16       448         0         0         0         0         0         0         0
     3/499     4.35G    0.1097   0.06512         0    0.1748        16       448         0         0 0.0004496 0.0001025    0.1086    0.0612         0
     4/499     4.19G    0.1072   0.06813         0    0.1753        16       448         0         0 0.0004501 0.0001026    0.1085   0.06129         0
     5/499     5.22G    0.1033   0.07344         0    0.1768        16       448         0         0 0.0005375 0.0001215    0.1078   0.06229         0
     6/499     5.22G     0.101   0.07583         0    0.1768        16       448         0         0 0.0004867 0.0001165    0.1073   0.06295         0
     7/499     5.22G   0.09822   0.07871         0    0.1769        16       448         0         0 0.0005958  0.000131    0.1071   0.06353         0
     8/499     5.22G   0.09398   0.08312         0    0.1771        16       448         0         0 0.0007311  0.000157    0.1067   0.06413         0
     9/499     5.22G   0.09228   0.08239         0    0.1747        16       448         0         0  0.000732 0.0001607    0.1069   0.06396         0
    10/499     5.22G   0.08823   0.08422         0    0.1725        16       448         0         0  0.001101 0.0002635    0.1068   0.06409         0
    11/499     5.22G   0.08491   0.08294         0    0.1679        16       448         0         0  0.001403 0.0003374    0.1071   0.06336         0
    12/499     5.22G   0.08312   0.07854         0    0.1617        16       448         0         0  0.001484 0.0003912    0.1077   0.06214         0
    13/499     5.22G   0.08248   0.07449         0     0.157        16       448         0         0 0.0008801 0.0001923    0.1066   0.06373         0
    14/499     5.22G   0.08579   0.06795         0    0.1537        16       448         0         0  0.002272 0.0004858    0.1089    0.0608         0
    15/499     5.22G    0.0855   0.06354         0     0.149        16       448         0         0  0.002214 0.0004708    0.1066   0.06519         0
    16/499     5.22G   0.08699   0.06039         0    0.1474        16       448         0         0   0.00274  0.000625    0.1075   0.06444         0
    17/499     5.22G   0.09386   0.05424         0    0.1481        16       448         0         0  0.002669 0.0006257    0.1084   0.06557         0
    18/499     5.22G   0.08558   0.06323         0    0.1488        16       448         0         0  0.002804 0.0006947    0.1076   0.06689         0
    19/499     5.22G   0.09025   0.05234         0    0.1426        16       448         0         0  0.001935 0.0004989    0.1063   0.06909         0
    20/499     5.22G    0.0942   0.04853         0    0.1427        16       448         0         0  0.001689 0.0004117    0.1104    0.0622         0
    21/499     5.22G   0.09176   0.04883         0    0.1406        16       448         0         0  0.001545  0.000379    0.1058   0.07294         0
    22/499     5.22G   0.08126   0.05817         0    0.1394        16       448         0         0 0.0007248 0.0001614    0.1079   0.07081         0
    23/499     5.22G   0.08894   0.05511         0    0.1441        16       448         0         0  0.001199 0.0002632    0.1067   0.07315         0
    24/499     5.22G   0.07698   0.06177         0    0.1388        16       448         0         0   0.00161 0.0003818    0.1078   0.07001         0
    25/499     5.22G   0.08041   0.05552         0    0.1359        16       448         0         0  0.002481 0.0005858    0.1068   0.07486         0
    26/499     5.22G   0.08513   0.05075         0    0.1359        16       448         0         0  0.002172 0.0004905    0.1105   0.06834         0
    27/499     5.22G   0.08382   0.05246         0    0.1363        16       448         0         0  0.003584 0.0008424    0.1157   0.05396         0
    28/499     5.22G   0.07752   0.05667         0    0.1342        16       448         0         0  0.003695 0.0008339    0.1138   0.05929         0
    29/499     5.22G   0.08239   0.04963         0     0.132        16       448         0         0  0.003515 0.0007705    0.1127   0.06267         0
    30/499     5.22G   0.08501   0.05213         0    0.1371        16       448         0         0  0.001769 0.0003698    0.1194   0.04822         0
    31/499     5.22G   0.08009   0.05005         0    0.1301        16       448         0         0  0.003922 0.0008579    0.1115   0.06519         0
    32/499     5.22G   0.08797   0.04371         0    0.1317        16       448         0         0  0.003659 0.0007716    0.1099   0.07019         0
    33/499     5.22G   0.08455   0.05485         0    0.1394        16       448         0         0  0.004084 0.0008846    0.1202   0.04536         0
    34/499     5.22G    0.0752   0.05223         0    0.1274        16       448         0         0  0.007639  0.001619    0.1135   0.05656         0
    35/499     5.22G   0.07291   0.05044         0    0.1233        16       448         0         0   0.00753  0.001624    0.1166   0.05164         0
    36/499     5.22G   0.08015   0.04921         0    0.1294        16       448         0         0  0.005078  0.001116    0.1104   0.07098         0
    37/499     5.22G   0.07744   0.05097         0    0.1284        16       448    0.1481  0.005013  0.007984  0.002074    0.1078   0.06602         0
    38/499     5.22G   0.07476   0.04983         0    0.1246        16       448         0         0   0.01057  0.002657     0.109   0.06675         0
    39/499     5.22G    0.0696   0.05076         0    0.1204        16       448         1  0.002506   0.02792  0.005623    0.1109   0.05948         0
    40/499     5.22G   0.07487   0.04726         0    0.1221        16       448         0         0   0.01374  0.003102    0.1155   0.05237         0
    41/499     5.22G   0.07771   0.04809         0    0.1258        16       448         0         0   0.01501  0.003102    0.1093   0.06679         0
    42/499     5.22G   0.08066    0.0471         0    0.1278        16       448         1  0.002506   0.02073  0.004325    0.1053   0.07585         0
    43/499     5.22G   0.06989   0.05032         0    0.1202        16       448    0.5454   0.01253   0.04441   0.01145    0.1071   0.05434         0
    44/499     5.22G    0.0745   0.04575         0    0.1202        16       448         1  0.002506   0.02595  0.006859    0.1195   0.03664         0
    45/499     5.22G   0.07296    0.0533         0    0.1263        16       448    0.2629   0.01504   0.02695  0.007148    0.1016    0.0673         0
    46/499     5.22G   0.07021   0.04796         0    0.1182        16       448    0.1903  0.001907   0.04961  0.009032    0.1006   0.07036         0
    47/499     5.22G   0.07618    0.0446         0    0.1208        16       448         0         0   0.02615  0.004834    0.1115   0.05382         0
    48/499     5.22G   0.07261   0.04609         0    0.1187        16       448    0.1828  0.005013   0.09363   0.01868   0.09283   0.08331         0
    49/499     5.22G   0.07117   0.04545         0    0.1166        16       448    0.4506   0.01235   0.05914   0.01451   0.09545   0.08821         0
    50/499     5.22G   0.06526   0.05225         0    0.1175        16       448    0.4624    0.1228    0.2526   0.05727   0.07712   0.08737         0
    51/499     5.22G   0.06646   0.04585         0    0.1123        16       448    0.1012   0.01504    0.1281   0.02346   0.09209   0.06574         0
    52/499     5.22G   0.06958   0.04117         0    0.1107        16       448    0.1256   0.01504    0.1257   0.02485   0.08993   0.07634         0
    53/499     5.22G    0.0761   0.03997         0    0.1161        16       448    0.5207   0.03268    0.1934   0.04293   0.09217   0.07566         0
    54/499     5.22G   0.07383   0.04267         0    0.1165        16       448    0.4223  0.005013   0.04583  0.009142   0.09112   0.08975         0
    55/499     5.22G   0.06641   0.04616         0    0.1126        16       448    0.4825    0.1169    0.3089   0.06921    0.0811   0.07571         0
    56/499     5.22G   0.06334   0.04361         0     0.107        16       448    0.2962    0.1454    0.2204    0.0522   0.08138   0.06862         0
    57/499     5.22G   0.06666   0.04098         0    0.1076        16       448    0.9295   0.03307    0.4744    0.1458   0.07802   0.08969         0
    58/499     5.22G   0.06014    0.0401         0    0.1002        16       448    0.5084    0.3111    0.3881   0.09885   0.07518   0.08023         0
    59/499     5.22G   0.06331   0.04215         0    0.1055        16       448    0.3138   0.03759    0.1851   0.03704    0.0873   0.07639         0
    60/499     5.22G   0.07008   0.04109         0    0.1112        16       448    0.1994    0.1099    0.1159   0.02305   0.09524   0.05905         0
    61/499     5.22G   0.06808   0.04708         0    0.1152        16       448    0.3167    0.6354    0.4352    0.1289   0.07192   0.06183         0
    62/499     5.22G   0.05892   0.04392         0    0.1028        16       448    0.4232    0.3751    0.4227    0.1167   0.07187   0.07752         0
    63/499     5.22G   0.05895   0.04226         0    0.1012        16       448    0.4398    0.2406     0.367   0.07363   0.07391   0.07337         0
    64/499     5.22G   0.06011   0.03933         0   0.09944        16       448    0.4674    0.3343    0.4203    0.1059   0.06917   0.08321         0
    65/499     5.22G   0.05841   0.03917         0   0.09758        16       448    0.4815    0.5363    0.4791    0.1212   0.06643   0.07401         0
    66/499     5.22G   0.06086   0.03715         0   0.09801        16       448    0.3063    0.4536    0.2572   0.07732   0.07554   0.08256         0
    67/499     5.22G   0.06319   0.03825         0    0.1014        16       448    0.2516    0.4686    0.2362   0.05309   0.08212   0.06431         0
    68/499     5.22G   0.06721   0.04025         0    0.1075        16       448    0.4442    0.6617    0.5031   0.09894   0.06661   0.05622         0
    69/499     5.22G    0.0525   0.03834         0   0.09084        16       448    0.3647    0.5489    0.3246   0.05818   0.07584   0.06944         0
    70/499     5.22G   0.06124   0.03744         0   0.09868        16       448    0.4222    0.4612    0.4116    0.1001   0.07232   0.07675         0
    71/499     5.22G   0.06449   0.04029         0    0.1048        16       448    0.2697    0.2757    0.1361   0.02354   0.09474   0.06017         0
    72/499     5.22G   0.05722    0.0426         0   0.09982        16       448    0.5226    0.7544     0.604    0.1532   0.06382   0.06195         0
    73/499     5.22G   0.05307   0.03907         0   0.09214        16       448    0.4709    0.8446    0.5955    0.2037   0.05844   0.05851         0
    74/499     5.22G    0.0574    0.0361         0   0.09349        16       448    0.3161    0.6441    0.3424   0.07872   0.07995   0.05418         0
    75/499     5.22G   0.05969    0.0372         0   0.09689        16       448    0.6379    0.4989     0.602    0.1412   0.06425    0.0773         0
    76/499     5.22G   0.05764   0.03619         0   0.09383        16       448    0.2694    0.7532    0.2888    0.0598   0.07426   0.04724         0
    77/499     5.22G   0.05877   0.03616         0   0.09494        16       448    0.4045    0.8145    0.4854    0.1219   0.06771   0.06099         0
    78/499     5.22G   0.05385   0.03608         0   0.08994        16       448    0.4894    0.6441    0.5459    0.1193   0.06465   0.06322         0
    79/499     5.22G   0.05646   0.03724         0    0.0937        16       448    0.4473    0.5013    0.4426    0.1025   0.06617   0.07564         0
    80/499     5.22G   0.05877   0.03844         0   0.09721        16       448    0.3253    0.8735    0.3956    0.1114   0.07157   0.05001         0
    81/499     5.22G   0.06034    0.0356         0   0.09594        16       448    0.2251    0.6516    0.2833   0.05868   0.08439   0.05705         0
    82/499     5.22G   0.06243    0.0367         0   0.09913        16       448    0.2894    0.6667    0.3478   0.06587   0.07048   0.05644         0
    83/499     5.22G   0.05609   0.03638         0   0.09247        16       448    0.3662    0.9424    0.6468    0.2027   0.05728   0.05314         0
    84/499     5.22G   0.05144   0.03407         0   0.08551        16       448    0.3554    0.9298    0.5119    0.1308   0.05974   0.05193         0
    85/499     5.22G   0.05152   0.03364         0   0.08515        16       448    0.3958    0.9298    0.5824    0.1748   0.06159    0.0573         0
    86/499     5.22G   0.05492   0.03367         0   0.08859        16       448     0.286    0.9348    0.4956    0.1188   0.06729   0.04965         0
    87/499     5.22G   0.05229   0.03581         0    0.0881        16       448    0.4898    0.9173    0.7332     0.232   0.05514   0.04985         0
    88/499     5.22G   0.05185   0.03256         0   0.08441        16       448    0.3324    0.8396    0.4338   0.07402   0.06938   0.05115         0
    89/499     5.22G   0.05574   0.03371         0   0.08944        16       448    0.3567    0.8571    0.5195    0.1369   0.05924   0.06626         0
    90/499     5.22G   0.05349     0.033         0    0.0865        16       448    0.3886    0.7368    0.4599   0.09103   0.07445   0.05695         0
    91/499     5.22G   0.05585   0.03412         0   0.08997        16       448    0.2574    0.4937    0.3027    0.1056   0.08851   0.07198         0
    92/499     5.22G   0.05243   0.03393         0   0.08636        16       448    0.3521    0.9148    0.6308    0.1725   0.06435   0.05361         0
    93/499     5.22G   0.05495   0.03339         0   0.08834        16       448    0.4659     0.406    0.4152     0.109   0.07861   0.08423         0
    94/499     5.22G   0.05722   0.03406         0   0.09128        16       448    0.4572    0.3233    0.3603    0.0714   0.07939   0.07782         0
    95/499     5.22G   0.05869    0.0352         0    0.0939        16       448    0.5024    0.3634    0.4323   0.08638   0.07664   0.08047         0
    96/499     5.22G     0.055   0.03371         0   0.08871        16       448    0.4652    0.6391    0.4799    0.1005   0.07506   0.07741         0
    97/499     5.22G   0.04905   0.03239         0   0.08144        16       448    0.3826    0.6216    0.4249   0.09904   0.07976    0.0663         0
    98/499     5.22G   0.05183   0.03428         0   0.08612        16       448    0.6119    0.6316     0.633     0.136   0.07544   0.06607         0
    99/499     5.22G   0.05197    0.0323         0   0.08426        16       448    0.3763    0.8722    0.4669     0.101   0.06681   0.05149         0
   100/499     5.22G    0.0554   0.03303         0   0.08844        16       448    0.5829    0.7494    0.6507    0.1557    0.0632   0.05847         0
   101/499     5.22G   0.05107   0.03227         0   0.08333        16       448    0.3582    0.8797     0.683    0.1729    0.0652   0.04582         0
   102/499     5.22G   0.05053   0.03221         0   0.08273        16       448    0.5265    0.6692    0.5526    0.1425   0.06625   0.07118         0
   103/499     5.22G   0.04923   0.03159         0   0.08082        16       448    0.2778    0.9674    0.5129     0.131   0.06064   0.05007         0
   104/499     5.22G   0.04972   0.03185         0   0.08157        16       448    0.4715    0.8095    0.5123    0.1259   0.06115   0.05673         0
   105/499     5.22G   0.04749    0.0315         0   0.07899        16       448    0.3899    0.9348    0.6504    0.1715   0.06266   0.04376         0
   106/499     5.22G   0.04671   0.03055         0   0.07725        16       448    0.3926    0.9649    0.6386    0.2111   0.05712   0.03959         0
   107/499     5.22G   0.04997   0.03272         0   0.08268        16       448    0.4883    0.8596    0.6129    0.1723   0.05807    0.0605         0
   108/499     5.22G   0.04915   0.03352         0   0.08267        16       448    0.8006    0.7544    0.8132    0.2841   0.05547   0.06661         0
   109/499     5.22G   0.04744   0.03116         0    0.0786        16       448    0.4791    0.9073    0.6955    0.1729   0.06125   0.04554         0
   110/499     5.22G   0.04923   0.03163         0   0.08086        16       448    0.6084    0.5491    0.5883    0.1157   0.06478   0.06901         0
   111/499     5.22G   0.04623   0.03071         0   0.07694        16       448    0.3841    0.7569    0.4881    0.1759   0.05885   0.06641         0
   112/499     5.22G    0.0505   0.03148         0   0.08198        16       448      0.54    0.8997      0.75    0.1901   0.05757   0.04932         0
   113/499     5.22G   0.04715   0.03099         0   0.07814        16       448       0.6    0.9449    0.8694    0.3409   0.04916   0.04394         0
   114/499     5.22G   0.05313   0.03252         0   0.08565        16       448    0.5515    0.7767    0.6613      0.19   0.05691   0.05983         0
   115/499     5.22G   0.04414   0.03438         0   0.07852        16       448    0.7552    0.8596    0.8857    0.3568   0.05166   0.05613         0
   116/499     5.22G   0.04451   0.03039         0    0.0749        16       448    0.5995     0.802    0.7884    0.3099    0.0494   0.06233         0
   117/499     5.22G   0.04356   0.03027         0   0.07383        16       448    0.6208    0.9048    0.7592    0.2773   0.05608   0.05077         0
   118/499     5.22G   0.04712   0.03181         0   0.07893        16       448    0.4975    0.9724    0.6485    0.1879   0.04948   0.04735         0
   119/499     5.22G   0.04571   0.03159         0    0.0773        16       448    0.6666    0.8546    0.8031     0.315    0.0518   0.06925         0
   120/499     5.22G   0.04889   0.03054         0   0.07943        16       448    0.5455     0.797    0.6639    0.1516   0.05921     0.062         0
   121/499     5.22G   0.04686   0.03117         0   0.07804        16       448    0.7722    0.8922    0.8855    0.3121    0.0495   0.05213         0
   122/499     5.22G   0.03822   0.02809         0   0.06631        16       448    0.5692    0.9774    0.8525    0.3521   0.04626   0.04171         0
   123/499     5.22G   0.04195   0.02888         0   0.07083        16       448    0.4107    0.9499    0.6157    0.1469    0.0656   0.04636         0
   124/499     5.22G   0.05024   0.03011         0   0.08035        16       448    0.3621    0.8972    0.4973    0.1724   0.06208   0.06364         0
   125/499     5.22G   0.04862   0.02931         0   0.07794        16       448    0.3826    0.9098    0.5436     0.121   0.06119   0.05038         0
   126/499     5.22G   0.04458   0.03037         0   0.07495        16       448    0.6315    0.9624    0.8989    0.3872   0.05245   0.04525         0
   127/499     5.22G   0.04417   0.02984         0   0.07402        16       448    0.4206    0.9774    0.6276    0.1425   0.05313    0.0425         0
   128/499     5.22G   0.04726   0.03014         0   0.07741        16       448    0.7368    0.9398    0.8878    0.3116   0.05309    0.0414         0
   129/499     5.22G   0.04204   0.02902         0   0.07105        16       448    0.5524    0.9774    0.8367    0.4262   0.04536   0.04445         0
   130/499     5.22G   0.04176   0.02879         0   0.07055        16       448    0.6899    0.9298    0.8986    0.3153   0.04784   0.04431         0
   131/499     5.22G   0.04646   0.03008         0   0.07654        16       448    0.4305    0.9749    0.5828     0.166   0.05343   0.04244         0
   132/499     5.22G   0.04596   0.02982         0   0.07577        16       448    0.5132    0.9398    0.7141    0.2437   0.05502   0.05358         0
   133/499     5.22G   0.04168   0.02697         0   0.06865        16       448    0.5859    0.9599    0.8688    0.3374   0.04781   0.04454         0
   134/499     5.22G   0.04408   0.02759         0   0.07166        16       448    0.4435    0.9749    0.6945    0.2765   0.05249    0.0462         0
   135/499     5.22G   0.04381    0.0289         0   0.07271        16       448    0.4052    0.9323    0.5249     0.162   0.06606   0.04374         0
   136/499     5.22G   0.04518   0.02987         0   0.07505        16       448    0.7429    0.9574    0.9372    0.3619   0.04749    0.0456         0
   137/499     5.22G   0.04359   0.02815         0   0.07174        16       448    0.5066    0.9348    0.7259    0.1871    0.0583   0.04423         0
   138/499     5.22G   0.04311   0.02792         0   0.07103        16       448    0.8133     0.917      0.91    0.3498    0.0503   0.04685         0
   139/499     5.22G   0.04318     0.028         0   0.07118        16       448    0.5893    0.9373    0.7904    0.2454   0.05813   0.04414         0
   140/499     5.22G   0.04458    0.0301         0   0.07467        16       448    0.7898    0.8697    0.8567    0.2761   0.05453   0.06199         0
   141/499     5.22G   0.03821   0.02762         0   0.06583        16       448    0.5999    0.8897    0.8348    0.2452   0.05751   0.05195         0
   142/499     5.22G   0.04204   0.03038         0   0.07242        16       448    0.8766    0.7477     0.887    0.3132   0.05949   0.07972         0
   143/499     5.22G   0.04049   0.02951         0      0.07        16       448    0.4381    0.7343    0.4778     0.134   0.06247   0.07037         0
   144/499     5.22G   0.04567   0.03095         0   0.07662        16       448    0.6268    0.8897    0.7438    0.2226   0.05739   0.06552         0
   145/499     5.22G     0.043   0.03045         0   0.07345        16       448    0.7261    0.9424    0.9141    0.3488   0.05165   0.04202         0
   146/499     5.22G   0.04225   0.02938         0   0.07163        16       448    0.5907    0.8296    0.6533    0.1718   0.05666    0.0658         0
   147/499     5.22G   0.04263   0.02984         0   0.07247        16       448    0.7025    0.8897    0.8383    0.2998   0.05465    0.0589         0
   148/499     5.22G   0.04515   0.02917         0   0.07432        16       448    0.5747    0.8568    0.7786     0.225   0.05838   0.05475         0
   149/499     5.22G   0.04471   0.02858         0   0.07329        16       448    0.7513    0.7649     0.828    0.3207   0.05188   0.06627         0
   150/499     5.22G   0.04207   0.02887         0   0.07094        16       448    0.4982    0.7444    0.5454    0.1444   0.06082   0.06919         0
   151/499     5.22G   0.04399   0.02951         0    0.0735        16       448    0.7155    0.8574    0.8432    0.3461    0.0531   0.06461         0
   152/499     5.22G   0.04124   0.02799         0   0.06923        16       448    0.4294    0.9674    0.4963    0.1318   0.05561   0.04174         0
   153/499     5.22G   0.03945   0.02845         0    0.0679        16       448    0.7208    0.7377     0.819    0.3215   0.05604   0.07193         0
   154/499     5.22G   0.03833   0.02638         0   0.06471        16       448    0.7684    0.9481    0.9474    0.4372   0.04184   0.04574         0
   155/499     5.22G   0.03518   0.02654         0   0.06172        16       448    0.7553    0.9298    0.9345    0.3976   0.04789   0.05074         0
   156/499     5.22G   0.03943   0.02637         0    0.0658        16       448    0.5436    0.8997    0.6829    0.1605   0.05554   0.05088         0
   157/499     5.22G   0.04146   0.02833         0   0.06978        16       448    0.5768    0.9674    0.8674    0.4278   0.04782   0.04209         0
   158/499     5.22G   0.04097   0.02756         0   0.06853        16       448    0.6041    0.9474    0.8873    0.3513   0.05054   0.04652         0
   159/499     5.22G   0.04173   0.02775         0   0.06948        16       448    0.7511    0.9649    0.9201     0.321   0.05018   0.03476         0
   160/499     5.22G   0.04243   0.02858         0   0.07102        16       448    0.6151    0.7945     0.718    0.1578   0.06711   0.06411         0
   161/499     5.22G   0.03804   0.02713         0   0.06517        16       448    0.7228    0.8562    0.8515    0.2982   0.05454   0.06915         0
   162/499     5.22G   0.03898    0.0268         0   0.06578        16       448    0.6633    0.8947    0.8535    0.2911   0.05739   0.06267         0
   163/499     5.22G   0.03948   0.02665         0   0.06613        16       448    0.6678    0.8321    0.7654    0.3123   0.05114   0.07905         0
   164/499     5.22G   0.03572     0.026         0   0.06172        16       448    0.6449    0.9749    0.8968    0.3178   0.05382   0.05028         0
   165/499     5.22G    0.0392   0.02747         0   0.06667        16       448    0.8858    0.9875    0.9863    0.4476   0.04489   0.04337         0
   166/499     5.22G   0.03697   0.02586         0   0.06283        16       448    0.5819    0.9599    0.8419    0.2499   0.05465   0.05545         0
   167/499     5.22G   0.03919   0.02694         0   0.06613        16       448    0.5137    0.9975    0.8861    0.4619   0.04431   0.04511         0
   168/499     5.22G   0.03435   0.02428         0   0.05863        16       448    0.7103    0.9373    0.9207    0.3861   0.04586    0.0491         0
   169/499     5.22G   0.03343   0.02665         0   0.06008        16       448    0.8494    0.9649    0.9703    0.4833   0.04203   0.05448         0
   170/499     5.22G   0.03381   0.02509         0   0.05889        16       448    0.7339    0.9724    0.9509    0.3751   0.04874   0.04751         0
   171/499     5.22G   0.03787   0.02639         0   0.06426        16       448    0.7288    0.9632    0.9389     0.463    0.0437   0.05218         0
   172/499     5.22G   0.03815   0.02607         0   0.06422        16       448    0.7517    0.9674    0.9379    0.3405   0.05192   0.04703         0
   173/499     5.22G   0.03904   0.02672         0   0.06577        16       448    0.7837    0.9449    0.9353     0.415   0.04718   0.04608         0
   174/499     5.22G    0.0346   0.02536         0   0.05996        16       448    0.7559    0.8346    0.8545    0.3691   0.05503    0.0679         0
   175/499     5.22G   0.03851    0.0261         0   0.06461        16       448    0.8516    0.9398    0.9271    0.3612   0.04862   0.03996         0
   176/499     5.22G   0.03507   0.02477         0   0.05984        16       448    0.4915     0.995    0.7915    0.3938   0.04129   0.03543         0
   177/499     5.22G    0.0359   0.02537         0   0.06127        16       448      0.81    0.9599    0.9463    0.4063   0.04705   0.04803         0
   178/499     5.22G    0.0336   0.02485         0   0.05844        16       448    0.6288    0.9749     0.895    0.3685   0.04678   0.04747         0
   179/499     5.22G     0.039   0.02597         0   0.06497        16       448    0.8077    0.9925    0.9646    0.4697   0.04084   0.03866         0
   180/499     5.22G   0.03258    0.0246         0   0.05717        16       448    0.7564    0.9925    0.9474    0.4719   0.04203   0.04009         0
   181/499     5.22G   0.03162   0.02409         0   0.05571        16       448    0.7207    0.9975    0.9466    0.5162   0.04069   0.03781         0
   182/499     5.22G   0.03354   0.02378         0   0.05731        16       448    0.6938     0.985    0.8864    0.4457   0.04268   0.04581         0
   183/499     5.22G   0.03417   0.02498         0   0.05915        16       448    0.4625    0.9925    0.7829    0.3546    0.0464   0.03973         0
   184/499     5.22G   0.03467   0.02519         0   0.05985        16       448    0.8701     0.985    0.9824     0.525   0.03699   0.04259         0
   185/499     5.22G   0.03154   0.02312         0   0.05466        16       448    0.6549     0.995    0.9103    0.4376   0.04318   0.03523         0
   186/499     5.22G   0.03333    0.0244         0   0.05773        16       448    0.7612      0.99    0.9599    0.5052   0.03943    0.0375         0
   187/499     5.22G   0.03265   0.02431         0   0.05696        16       448    0.6528    0.9749    0.8862    0.3443   0.04559   0.04271         0
   188/499     5.22G   0.03383   0.02431         0   0.05814        16       448    0.7562    0.9825     0.959    0.4303   0.04593   0.03757         0
   189/499     5.22G    0.0348   0.02411         0   0.05892        16       448    0.7639    0.9749    0.9564    0.3961   0.04288   0.04168         0
   190/499     5.22G   0.03348   0.02477         0   0.05825        16       448    0.8662    0.9248    0.9332    0.3981   0.05447   0.05032         0
   191/499     5.22G   0.03212   0.02394         0   0.05606        16       448    0.8509    0.9866    0.9776    0.5661   0.03707   0.03926         0
   192/499     5.22G   0.03057   0.02323         0   0.05379        16       448    0.7397      0.99    0.9225    0.3857   0.04222   0.03889         0
   193/499     5.22G   0.03071   0.02311         0   0.05381        16       448    0.8203     0.985    0.9728    0.5328   0.03939   0.04311         0
   194/499     5.22G   0.03162   0.02315         0   0.05477        16       448    0.7623    0.9643    0.9324     0.412    0.0442   0.04934         0
   195/499     5.22G   0.03266   0.02365         0   0.05631        16       448    0.7453    0.9674    0.9495    0.4796   0.04203   0.04078         0
   196/499     5.22G   0.02829   0.02176         0   0.05005        16       448    0.7789    0.9825    0.9732    0.4326   0.04333   0.03764         0
   197/499     5.22G   0.03005   0.02249         0   0.05254        16       448    0.7989    0.9699    0.9573     0.414   0.04357   0.04789         0
   198/499     5.22G   0.03237   0.02459         0   0.05696        16       448    0.7864    0.9649     0.949    0.4743   0.04301   0.05399         0
   199/499     5.22G   0.02785   0.02297         0   0.05082        16       448    0.8519    0.9875    0.9838    0.5242   0.04155   0.04323         0
   200/499     5.22G   0.03092   0.02319         0   0.05411        16       448    0.7835    0.9724     0.957    0.4631   0.04113   0.04873         0
   201/499     5.22G   0.02806   0.02244         0   0.05049        16       448    0.9474    0.9674    0.9848    0.5238   0.03991   0.05092         0
   202/499     5.22G   0.03326   0.02381         0   0.05707        16       448    0.8184    0.9248    0.9346    0.3998   0.04227   0.05094         0
   203/499     5.22G   0.02897   0.02326         0   0.05223        16       448    0.9194    0.9925    0.9914    0.5994   0.03354   0.03421         0
   204/499     5.22G   0.02875   0.02215         0   0.05089        16       448    0.8464    0.9925    0.9814    0.4052   0.04517   0.03789         0
   205/499     5.22G   0.03207   0.02357         0   0.05565        16       448    0.9009    0.9925    0.9861    0.5041   0.04094   0.03511         0
   206/499     5.22G   0.02535   0.02085         0    0.0462        16       448    0.8326     0.995     0.985    0.5375    0.0378   0.03223         0
   207/499     5.22G   0.03037   0.02256         0   0.05293        16       448    0.8542    0.9825    0.9784    0.4809    0.0382   0.03796         0
   208/499     5.22G   0.02779   0.02161         0    0.0494        16       448    0.9107    0.9799    0.9853     0.537   0.03722   0.04157         0
   209/499     5.22G   0.02668   0.02045         0   0.04713        16       448    0.8192    0.9825    0.9742    0.5157   0.03839   0.03962         0
   210/499     5.22G   0.03454   0.02389         0   0.05844        16       448    0.6391    0.9449    0.7757    0.2652   0.05017   0.04134         0
   211/499     5.22G   0.03962    0.0275         0   0.06712        16       448    0.8604    0.9674    0.9591    0.4359   0.04254   0.04862         0
   212/499     5.22G    0.0279   0.02243         0   0.05033        16       448     0.867    0.9524    0.9604    0.5142   0.04227    0.0531         0
   213/499     5.22G   0.02897   0.02185         0   0.05082        16       448    0.7725    0.7594    0.8463    0.3567   0.05501   0.06182         0
   214/499     5.22G   0.02828   0.02214         0   0.05042        16       448    0.9007    0.9398    0.9722    0.4737   0.04268   0.05613         0
   215/499     5.22G   0.02979   0.02297         0   0.05276        16       448    0.8196    0.9023    0.9325    0.4225   0.04475   0.06505         0
   216/499     5.22G   0.02509   0.02121         0    0.0463        16       448    0.8635    0.9826    0.9762    0.5384    0.0359   0.04012         0
   217/499     5.22G   0.03138    0.0235         0   0.05488        16       448    0.7552    0.9875     0.959    0.4581   0.03774   0.03958         0
   218/499     5.22G   0.02657   0.02232         0   0.04889        16       448    0.9067    0.9975    0.9918    0.5706   0.03219   0.03308         0
   219/499     5.22G   0.02429   0.01977         0   0.04407        16       448    0.8055    0.9875    0.9758    0.4745   0.03784   0.03642         0
   220/499     5.22G   0.02576   0.02138         0   0.04714        16       448      0.88     0.985    0.9808    0.5333   0.03606   0.04186         0
   221/499     5.22G   0.02644   0.02054         0   0.04697        16       448    0.8436    0.9799    0.9757    0.4816   0.03884   0.04261         0
   222/499     5.22G   0.02727   0.02122         0   0.04849        16       448    0.8816    0.9599    0.9676    0.5098   0.03639   0.04418         0
   223/499     5.22G   0.02312   0.01957         0   0.04269        16       448    0.8839    0.9574    0.9716    0.5185   0.03886   0.05306         0
   224/499     5.22G    0.0278   0.02067         0   0.04847        16       448    0.8446    0.9323    0.9605    0.5016   0.03901   0.05577         0
   225/499     5.22G   0.02399   0.02023         0   0.04422        16       448    0.9084    0.9939    0.9845    0.6058   0.03237   0.03815         0
   226/499     5.22G   0.02325   0.01959         0   0.04284        16       448    0.8637    0.9844    0.9819    0.4633   0.04214   0.04232         0
   227/499     5.22G   0.02698   0.02121         0   0.04819        16       448    0.8793    0.9825    0.9769    0.4739   0.03829   0.04284         0
   228/499     5.22G   0.02532    0.0214         0   0.04672        16       448    0.8969    0.9825     0.987    0.5385   0.03763   0.04076         0
   229/499     5.22G   0.02438   0.01977         0   0.04416        16       448    0.8765    0.9574    0.9649    0.5084    0.0382   0.04509         0
   230/499     5.22G   0.02161   0.01848         0   0.04009        16       448    0.8493     0.985    0.9716    0.4918   0.03966   0.03587         0
   231/499     5.22G   0.02524   0.01935         0   0.04459        16       448    0.9163    0.9876    0.9867     0.554   0.03348   0.04075         0
   232/499     5.22G    0.0192   0.01723         0   0.03643        16       448    0.9113    0.9925    0.9889    0.5846   0.03293   0.03779         0
   233/499     5.22G   0.02308   0.01887         0   0.04195        16       448    0.8277    0.9649     0.959    0.4469   0.04721   0.05516         0
   234/499     5.22G   0.02744   0.02049         0   0.04794        16       448    0.8746    0.9268    0.9573    0.5095   0.04647   0.06734         0
   235/499     5.22G    0.0256    0.0195         0    0.0451        16       448    0.9324    0.9925    0.9911    0.5813   0.03357    0.0405         0
   236/499     5.22G   0.01995   0.01744         0   0.03738        16       448    0.9084     0.995    0.9923    0.6097   0.03076   0.03148         0
   237/499     5.22G   0.02017   0.01712         0    0.0373        16       448    0.8789     0.985    0.9841    0.5527   0.03416   0.03598         0
   238/499     5.22G    0.0219     0.018         0   0.03989        16       448    0.9397    0.9925    0.9922    0.5981   0.03413   0.03283         0
   239/499     5.22G   0.02267   0.01792         0   0.04059        16       448    0.9351    0.9975    0.9921     0.591   0.03122   0.03197         0
   240/499     5.22G   0.02325   0.01873         0   0.04197        16       448    0.9234    0.9963    0.9938    0.5959    0.0318   0.03298         0
   241/499     5.22G   0.02209   0.01805         0   0.04015        16       448    0.8339    0.9825    0.9805    0.5216   0.04078   0.05242         0
   242/499     5.22G   0.02108   0.01739         0   0.03847        16       448    0.8862         1    0.9904    0.6108   0.03022   0.03246         0
   243/499     5.22G    0.0217   0.01805         0   0.03974        16       448    0.8038    0.9248    0.9401    0.4737   0.04282   0.05197         0
   244/499     5.22G   0.02315   0.01873         0   0.04188        16       448    0.9583     0.995    0.9926    0.5572   0.03499   0.03208         0
   245/499     5.22G   0.02377   0.01935         0   0.04312        16       448    0.9451    0.9917    0.9912    0.6237   0.03139   0.03884         0
   246/499     5.22G   0.01645   0.01551         0   0.03196        16       448    0.9318    0.9925    0.9934    0.6178   0.03112   0.03533         0
   247/499     5.22G   0.01869   0.01567         0   0.03435        16       448    0.9283    0.9975    0.9928     0.593   0.03157    0.0325         0
   248/499     5.22G   0.02121   0.01773         0   0.03894        16       448     0.906      0.99    0.9884    0.5698   0.03432   0.03658         0
   249/499     5.22G    0.0209   0.01789         0   0.03879        16       448    0.8968    0.9975    0.9908    0.5923   0.03193   0.03586         0
   250/499     5.22G   0.01895   0.01686         0   0.03581        16       448     0.879    0.9925    0.9884    0.5627   0.03525   0.04036         0
   251/499     5.22G   0.01934   0.01621         0   0.03555        16       448    0.9195     0.995    0.9882    0.5618    0.0351   0.03649         0
   252/499     5.22G   0.02079   0.01721         0     0.038        16       448    0.9359      0.99    0.9888    0.6001    0.0299    0.0321         0
   253/499     5.22G   0.01693   0.01612         0   0.03305        16       448    0.9245    0.9925    0.9883    0.6033    0.0303   0.03254         0
   254/499     5.22G   0.01828   0.01599         0   0.03427        16       448    0.9126    0.9925     0.986    0.5838   0.03302   0.03606         0
   255/499     5.22G    0.0174   0.01533         0   0.03273        16       448    0.8791      0.99    0.9776     0.533   0.03783   0.04237         0
   256/499     5.22G   0.02032   0.01685         0   0.03717        16       448    0.9002    0.9717    0.9809    0.5312   0.03642   0.04673         0
   257/499     5.22G   0.01738   0.01575         0   0.03312        16       448    0.9357    0.9846    0.9882    0.5813   0.03388   0.03767         0
   258/499     5.22G   0.02043   0.01721         0   0.03763        16       448    0.9333     0.995    0.9921    0.5896   0.03151    0.0329         0
   259/499     5.22G   0.01813   0.01639         0   0.03452        16       448    0.8717    0.9875    0.9835    0.5914   0.03067   0.03255         0
   260/499     5.22G   0.01737   0.01565         0   0.03302        16       448    0.9473         1     0.992    0.6458   0.02767   0.02856         0
   261/499     5.22G   0.01868   0.01599         0   0.03467        16       448    0.8265     0.995     0.984    0.5007   0.04073   0.04343         0
   262/499     5.22G   0.02062   0.01567         0   0.03629        16       448    0.8828    0.9799    0.9774    0.5455   0.03655   0.04869         0
   263/499     5.22G   0.01744   0.01595         0   0.03339        16       448    0.8941    0.9699      0.98    0.5511   0.03537   0.04705         0
   264/499     5.22G   0.01767   0.01643         0    0.0341        16       448    0.9233    0.9346    0.9754    0.5623   0.03748   0.06189         0
   265/499     5.22G   0.01455   0.01391         0   0.02846        16       448    0.9424    0.9774    0.9906    0.6025    0.0331   0.04223         0
   266/499     5.22G   0.01707   0.01517         0   0.03225        16       448    0.9451    0.9825    0.9881    0.6236   0.03097   0.03878         0
   267/499     5.22G   0.01694   0.01506         0     0.032        16       448    0.9332         1    0.9851    0.6043   0.02962   0.03086         0
   268/499     5.22G   0.01661   0.01581         0   0.03242        16       448    0.9508      0.99    0.9909    0.6312   0.02785   0.03163         0
   269/499     5.22G   0.01476   0.01393         0    0.0287        16       448    0.9516    0.9975    0.9936    0.6798   0.02596   0.02695         0
   270/499     5.22G   0.01808   0.01507         0   0.03315        16       448    0.9423    0.9975    0.9934    0.6528    0.0268   0.02721         0
   271/499     5.22G   0.01659   0.01544         0   0.03203        16       448    0.9614    0.9975    0.9939    0.6584   0.02604   0.02844         0
   272/499     5.22G   0.01412   0.01381         0   0.02792        16       448    0.9334    0.9975    0.9915    0.6367    0.0282   0.03202         0
   273/499     5.22G   0.01457   0.01433         0    0.0289        16       448    0.9047    0.9925    0.9881    0.6137   0.03081   0.03527         0
   274/499     5.22G   0.01534   0.01426         0    0.0296        16       448    0.8977    0.9699    0.9816    0.5798   0.03363   0.04168         0
   275/499     5.22G   0.01744   0.01546         0   0.03291        16       448    0.9149    0.9431    0.9772    0.6012    0.0331   0.04982         0
   276/499     5.22G   0.01739   0.01571         0    0.0331        16       448    0.9308    0.9771    0.9884    0.6106   0.02964   0.03593         0
   277/499     5.22G   0.01856   0.01584         0    0.0344        16       448     0.936    0.9925    0.9931    0.6459   0.02889   0.03117         0
   278/499     5.22G    0.0177   0.01553         0   0.03323        16       448    0.9498         1     0.995    0.6951   0.02443   0.02728         0
   279/499     5.22G   0.01472   0.01396         0   0.02868        16       448    0.9442    0.9975    0.9944    0.6848   0.02498    0.0279         0
   280/499     5.22G   0.01323   0.01312         0   0.02634        16       448    0.9587    0.9925    0.9941    0.6501   0.02666   0.02828         0
   281/499     5.22G   0.01525   0.01453         0   0.02978        16       448    0.9657      0.99    0.9929     0.596    0.0299    0.0314         0
   282/499     5.22G   0.02002   0.01695         0   0.03698        16       448    0.8894    0.9473      0.97     0.557   0.03632   0.04308         0
   283/499     5.22G   0.01765   0.01525         0    0.0329        16       448    0.8894    0.9449    0.9636    0.5272   0.03471   0.04631         0
   284/499     5.22G   0.01429   0.01389         0   0.02818        16       448    0.8709    0.9474    0.9686    0.5454   0.03496   0.04464         0
   285/499     5.22G   0.01593   0.01476         0   0.03069        16       448    0.8316    0.9724    0.9779    0.5337   0.03548   0.04317         0
   286/499     5.22G    0.0212   0.01793         0   0.03913        16       448    0.8907    0.9699    0.9826    0.5663   0.03499   0.04748         0
   287/499     5.22G   0.01485    0.0146         0   0.02944        16       448    0.9544    0.9977    0.9928     0.674   0.02688   0.03387         0
   288/499     5.22G   0.01381   0.01318         0     0.027        16       448    0.9252    0.9975    0.9936    0.6468   0.02784   0.03105         0
   289/499     5.22G   0.01489   0.01375         0   0.02864        16       448     0.956         1    0.9944    0.6727   0.02678   0.03048         0
   290/499     5.22G   0.01421   0.01374         0   0.02795        16       448    0.9646    0.9975    0.9953    0.6838   0.02493   0.02921         0
   291/499     5.22G   0.01387   0.01309         0   0.02697        16       448    0.9631    0.9975    0.9945    0.6997   0.02405   0.02758         0
   292/499     5.22G   0.01428    0.0128         0   0.02709        16       448    0.9507     0.995    0.9922    0.6877   0.02636   0.02786         0
   293/499     5.22G   0.01468    0.0127         0   0.02738        16       448    0.9453    0.9962    0.9908    0.6655   0.02587   0.02795         0
   294/499     5.22G   0.01478   0.01396         0   0.02874        16       448    0.9101    0.9774    0.9857    0.6059   0.03055   0.03598         0
   295/499     5.22G     0.018   0.01511         0   0.03311        16       448    0.8614    0.8271    0.9082    0.4989   0.04169   0.06947         0
   296/499     5.22G   0.01371   0.01302         0   0.02673        16       448    0.9128    0.9749    0.9865    0.6042   0.03096   0.03662         0
   297/499     5.22G   0.01164   0.01189         0   0.02352        16       448    0.9641         1    0.9947    0.6741   0.02548   0.02649         0
   298/499     5.22G   0.01459   0.01309         0   0.02768        16       448    0.9548    0.9975    0.9928     0.681   0.02549   0.02985         0
   299/499     5.22G   0.01279   0.01249         0   0.02528        16       448    0.9607    0.9975    0.9939    0.6561   0.02819   0.03126         0
   300/499     5.22G   0.01298    0.0122         0   0.02518        16       448    0.9716     0.995    0.9947    0.7188   0.02462   0.02746         0
   301/499     5.22G   0.01281   0.01262         0   0.02543        16       448    0.9696     0.995    0.9948     0.689   0.02362   0.02718         0
   302/499     5.22G    0.0122   0.01247         0   0.02467        16       448     0.963    0.9975    0.9947    0.7028   0.02362   0.02573         0
   303/499     5.22G   0.01334   0.01269         0   0.02603        16       448    0.9568    0.9975     0.993    0.6684   0.02738   0.02892         0
   304/499     5.22G   0.01389   0.01232         0   0.02621        16       448    0.9454    0.9774    0.9909    0.6286   0.02827   0.03451         0
   305/499     5.22G   0.01295   0.01335         0    0.0263        16       448    0.9331     0.978    0.9884    0.6362   0.02831   0.03445         0
   306/499     5.22G   0.01358   0.01319         0   0.02677        16       448    0.9433    0.9999    0.9927    0.6659   0.02587   0.02922         0
   307/499     5.22G   0.01347   0.01306         0   0.02653        16       448    0.9522    0.9976    0.9946     0.697   0.02343   0.02569         0
   308/499     5.22G   0.01148   0.01203         0    0.0235        16       448     0.957    0.9975    0.9953    0.7191   0.02243   0.02473         0
   309/499     5.22G   0.01209   0.01211         0    0.0242        16       448    0.9486    0.9975    0.9954    0.7066   0.02367   0.02576         0
   310/499     5.22G   0.01388   0.01275         0   0.02663        16       448    0.9645     0.995    0.9953    0.6747    0.0263   0.02887         0
   311/499     5.22G   0.01429   0.01285         0   0.02714        16       448    0.9717     0.995    0.9949    0.6697   0.02471   0.03063         0
   312/499     5.22G   0.01108   0.01236         0   0.02344        16       448    0.9651     0.995    0.9948    0.6766   0.02474   0.02928         0
   313/499     5.22G   0.01201   0.01187         0   0.02388        16       448     0.957     0.995     0.993    0.6883   0.02557   0.02794         0
   314/499     5.22G   0.01303   0.01181         0   0.02484        16       448    0.9505     0.995    0.9923    0.6758   0.02523   0.02744         0
   315/499     5.22G   0.01311   0.01301         0   0.02612        16       448    0.9494    0.9875    0.9899    0.6688    0.0256   0.03055         0
   316/499     5.22G   0.01111   0.01201         0   0.02312        16       448     0.945    0.9875    0.9892    0.6629   0.02668   0.03142         0
   317/499     5.22G   0.01257   0.01306         0   0.02562        16       448    0.9407    0.9935    0.9914    0.6193   0.02971   0.03198         0
   318/499     5.22G   0.01203   0.01253         0   0.02457        16       448    0.9601         1    0.9941    0.6801   0.02623   0.02866         0
   319/499     5.22G   0.01117   0.01136         0   0.02253        16       448    0.9497         1    0.9936    0.6936   0.02534   0.02794         0
   320/499     5.22G   0.01177   0.01078         0   0.02255        16       448     0.966         1    0.9941    0.6852   0.02595   0.02698         0
   321/499     5.22G   0.01276   0.01142         0   0.02418        16       448    0.9529     0.995    0.9936    0.6627   0.02677   0.03025         0
   322/499     5.22G   0.01159   0.01144         0   0.02303        16       448    0.9588     0.995    0.9935    0.6629   0.02706   0.02991         0
   323/499     5.22G   0.01308   0.01203         0   0.02511        16       448    0.9517    0.9876     0.992    0.6479   0.02621   0.03193         0
   324/499     5.22G   0.01109   0.01133         0   0.02242        16       448    0.9446    0.9875    0.9921    0.6466   0.02723   0.03238         0
   325/499     5.22G   0.01045   0.01094         0   0.02139        16       448    0.9437      0.99     0.993    0.6376   0.02803   0.03099         0
   326/499     5.22G   0.01198   0.01107         0   0.02305        16       448    0.9429    0.9875    0.9932     0.646   0.02712    0.0296         0
   327/499     5.22G   0.01059   0.01089         0   0.02148        16       448    0.9611    0.9909    0.9942    0.6544     0.027   0.02885         0
   328/499     5.22G   0.01234   0.01193         0   0.02427        16       448    0.9655     0.995    0.9947    0.6592   0.02602   0.02892         0
   329/499     5.22G   0.01185   0.01195         0    0.0238        16       448    0.9662     0.995    0.9942    0.6875   0.02582   0.02828         0
   330/499     5.22G    0.0109   0.01094         0   0.02185        16       448     0.964    0.9975    0.9935    0.6924   0.02433   0.02877         0
   331/499     5.22G   0.01023   0.01044         0   0.02067        16       448    0.9651    0.9975    0.9937    0.7126   0.02319   0.02617         0
   332/499     5.22G   0.01115   0.01078         0   0.02192        16       448    0.9665    0.9975    0.9944    0.6953   0.02496   0.02653         0
   333/499     5.22G   0.01379   0.01266         0   0.02646        16       448    0.9565     0.995    0.9934    0.6792   0.02442   0.02777         0
   334/499     5.22G   0.01181   0.01191         0   0.02372        16       448    0.9595      0.99    0.9929    0.6581   0.02629   0.03043         0
   335/499     5.22G   0.01015   0.01034         0    0.0205        16       448     0.945    0.9898    0.9922    0.6611   0.02628   0.03099         0
   336/499     5.22G   0.01015    0.0102         0   0.02034        16       448    0.9549    0.9925    0.9936    0.6623   0.02675   0.02988         0
   337/499     5.22G   0.01077   0.01043         0    0.0212        16       448     0.965     0.995    0.9945    0.7004   0.02343   0.02739         0
   338/499     5.22G  0.009612  0.009979         0   0.01959        16       448    0.9585     0.995     0.994    0.7161   0.02359   0.02748         0
   339/499     5.22G   0.01007   0.01012         0   0.02019        16       448    0.9548     0.995     0.994    0.6914   0.02473   0.02922         0
   340/499     5.22G   0.01005   0.01022         0   0.02027        16       448     0.947     0.995    0.9936     0.689   0.02445   0.02805         0
   341/499     5.22G  0.009855   0.01016         0   0.02001        16       448    0.9596     0.995    0.9946    0.6939   0.02388   0.02748         0
   342/499     5.22G    0.0111   0.01092         0   0.02202        16       448    0.9564     0.995    0.9938    0.6669   0.02476   0.02847         0
   343/499     5.22G     0.011   0.01159         0    0.0226        16       448    0.9456     0.995    0.9918    0.6583   0.02714   0.03077         0
   344/499     5.22G  0.009578  0.009822         0    0.0194        16       448    0.9636    0.9959    0.9937    0.6635   0.02659   0.03041         0
   345/499     5.22G  0.009474  0.009402         0   0.01888        16       448    0.9613    0.9955    0.9933     0.683   0.02528   0.02838         0
   346/499     5.22G  0.009095  0.009194         0   0.01829        16       448    0.9624     0.995    0.9934    0.6881   0.02516   0.02762         0
   347/499     5.22G  0.008506  0.008898         0    0.0174        16       448    0.9614     0.995    0.9931    0.6874   0.02441   0.02674         0
   348/499     5.22G  0.009518  0.009828         0   0.01935        16       448    0.9682    0.9935    0.9945     0.692   0.02443   0.02589         0
   349/499     5.22G   0.01269   0.01135         0   0.02404        16       448    0.9703     0.995    0.9942    0.6943   0.02392   0.02681         0
   350/499     5.22G   0.01239   0.01148         0   0.02387        16       448    0.9636    0.9947    0.9936     0.693   0.02424   0.02828         0
   351/499     5.22G  0.009685   0.01006         0   0.01975        16       448    0.9663     0.995    0.9942    0.6987   0.02382   0.02862         0
   352/499     5.22G  0.009411  0.009855         0   0.01927        16       448    0.9582     0.995    0.9944    0.6954   0.02431   0.02746         0
   353/499     5.22G   0.01064  0.009643         0   0.02029        16       448    0.9571    0.9975    0.9945    0.6844   0.02418   0.02702         0
   354/499     5.22G    0.0095  0.009579         0   0.01908        16       448    0.9473    0.9975    0.9925    0.6545   0.02644   0.02913         0
   355/499     5.22G  0.009438   0.01011         0   0.01955        16       448    0.9491    0.9975    0.9925     0.631    0.0283   0.03143         0
   356/499     5.22G   0.01121    0.0113         0   0.02251        16       448    0.9476    0.9966    0.9928    0.6645    0.0278   0.03258         0
   357/499     5.22G   0.01014  0.009905         0   0.02005        16       448    0.9464    0.9925    0.9912    0.6692   0.02591   0.03244         0
   358/499     5.22G  0.008145  0.009297         0   0.01744        16       448    0.9685     0.995    0.9939    0.6949   0.02386   0.02854         0
   359/499     5.22G  0.008764  0.008924         0   0.01769        16       448    0.9634    0.9975    0.9942    0.7118   0.02345   0.02629         0
   360/499     5.22G  0.009095  0.009053         0   0.01815        16       448    0.9618    0.9975    0.9947    0.6983   0.02326   0.02637         0
   361/499     5.22G  0.008971  0.009087         0   0.01806        16       448    0.9589    0.9945    0.9942     0.682    0.0248     0.028         0
   362/499     5.22G  0.008964  0.009383         0   0.01835        16       448    0.9495    0.9893    0.9921     0.651   0.02657   0.03044         0
   363/499     5.22G  0.009254  0.009732         0   0.01899        16       448    0.9499      0.99    0.9919     0.641   0.02775   0.03094         0
   364/499     5.22G  0.009852   0.01002         0   0.01987        16       448    0.9611      0.99    0.9932    0.6716   0.02535   0.02847         0
   365/499     5.22G  0.007534  0.007988         0   0.01552        16       448    0.9623     0.995    0.9945    0.6925   0.02382   0.02665         0
   366/499     5.22G  0.008442  0.008507         0   0.01695        16       448    0.9651     0.995    0.9948    0.7086   0.02296   0.02588         0
   367/499     5.22G  0.008296  0.008687         0   0.01698        16       448    0.9642     0.995    0.9948    0.6983   0.02389   0.02631         0
   368/499     5.22G  0.008977   0.00981         0   0.01879        16       448    0.9598    0.9975    0.9944    0.7068   0.02385   0.02714         0
   369/499     5.22G  0.008621  0.008956         0   0.01758        16       448    0.9654    0.9975    0.9948    0.7059   0.02386   0.02751         0
   370/499     5.22G  0.008225  0.008286         0   0.01651        16       448    0.9579    0.9975    0.9939    0.7055   0.02356   0.02762         0
   371/499     5.22G  0.006442  0.007833         0   0.01427        16       448    0.9607    0.9975    0.9938    0.7023   0.02332   0.02679         0
   372/499     5.22G  0.007659  0.008224         0   0.01588        16       448    0.9541    0.9975    0.9933    0.7068   0.02321   0.02632         0
   373/499     5.22G  0.008414  0.008943         0   0.01736        16       448     0.955    0.9975    0.9935    0.7016   0.02373   0.02646         0
   374/499     5.22G  0.009282  0.009269         0   0.01855        16       448    0.9624     0.995    0.9945    0.7009   0.02335   0.02575         0
   375/499     5.22G  0.008239  0.008518         0   0.01676        16       448    0.9566     0.995     0.994    0.6865   0.02418   0.02618         0
   376/499     5.22G  0.007693  0.008401         0   0.01609        16       448    0.9525     0.995    0.9931    0.6593   0.02609   0.02764         0
   377/499     5.22G  0.007871  0.008656         0   0.01653        16       448     0.952    0.9935    0.9927    0.6497   0.02691   0.02882         0
   378/499     5.22G   0.00837  0.008934         0    0.0173        16       448    0.9648     0.995    0.9944    0.6715    0.0263   0.02823         0
   379/499     5.22G  0.009154  0.008995         0   0.01815        16       448    0.9653     0.995    0.9934    0.6872   0.02495   0.02836         0
   380/499     5.22G  0.008035  0.009078         0   0.01711        16       448    0.9634     0.995    0.9926    0.6982   0.02498   0.02882         0
   381/499     5.22G  0.007781  0.008718         0    0.0165        16       448    0.9553     0.995    0.9928    0.6846   0.02532   0.02908         0
   382/499     5.22G  0.008766  0.008831         0    0.0176        16       448    0.9526     0.995    0.9924    0.6995    0.0245   0.02786         0
   383/499     5.22G  0.008648  0.008457         0    0.0171        16       448    0.9589    0.9975    0.9936    0.6967   0.02334   0.02678         0
   384/499     5.22G  0.008133   0.00882         0   0.01695        16       448     0.963    0.9975    0.9947    0.6961   0.02354   0.02608         0
   385/499     5.22G  0.007431  0.008358         0   0.01579        16       448      0.96    0.9975    0.9933    0.6699   0.02571   0.02755         0
   386/499     5.22G   0.00812  0.008422         0   0.01654        16       448    0.9526     0.985    0.9919    0.6506   0.02741   0.02944         0
   387/499     5.22G  0.008693  0.008429         0   0.01712        16       448     0.956      0.99    0.9927    0.6726   0.02621   0.02887         0
   388/499     5.22G  0.006748  0.007646         0   0.01439        16       448    0.9623     0.995    0.9942    0.6905   0.02404   0.02629         0
   389/499     5.22G  0.007569    0.0077         0   0.01527        16       448    0.9664     0.995    0.9951    0.7085   0.02346   0.02548         0
   390/499     5.22G  0.007341  0.007825         0   0.01517        16       448    0.9585     0.995    0.9948    0.7123   0.02308    0.0255         0
   391/499     5.22G  0.007837  0.008145         0   0.01598        16       448    0.9619     0.995    0.9941    0.7006   0.02415   0.02673         0
   392/499     5.22G  0.007175  0.007985         0   0.01516        16       448    0.9588    0.9975    0.9936    0.7079   0.02367   0.02717         0
   393/499     5.22G  0.007225   0.00801         0   0.01523        16       448    0.9595     0.995    0.9939    0.7079   0.02343   0.02687         0
   394/499     5.22G   0.00639  0.007548         0   0.01394        16       448    0.9574    0.9975    0.9937    0.7082   0.02347   0.02711         0
   395/499     5.22G  0.007291  0.007783         0   0.01507        16       448    0.9618    0.9975    0.9944     0.705   0.02337   0.02692         0
   396/499     5.22G  0.007294  0.007763         0   0.01506        16       448    0.9546    0.9975    0.9942     0.709   0.02352   0.02637         0
   397/499     5.22G  0.008582  0.008482         0   0.01706        16       448    0.9571     0.995    0.9942    0.7021     0.023   0.02575         0
   398/499     5.22G  0.006382  0.007273         0   0.01365        16       448    0.9597     0.995    0.9946    0.6993   0.02327   0.02541         0
   399/499     5.22G  0.007079  0.007609         0   0.01469        16       448    0.9582     0.995    0.9945    0.6924   0.02348   0.02569         0
   400/499     5.22G  0.007222  0.007999         0   0.01522        16       448    0.9584     0.995    0.9945     0.685   0.02434   0.02595         0
   401/499     5.22G  0.008313  0.008587         0    0.0169        16       448    0.9615     0.995    0.9944    0.6961    0.0241   0.02611         0
   402/499     5.22G  0.008573  0.008494         0   0.01707        16       448    0.9629     0.995    0.9946     0.688   0.02408   0.02683         0
   403/499     5.22G  0.006686   0.00743         0   0.01412        16       448     0.966     0.997    0.9945    0.7032   0.02403   0.02706         0
   404/499     5.22G  0.006422  0.007198         0   0.01362        16       448    0.9628    0.9975    0.9942    0.6981   0.02375   0.02689         0
   405/499     5.22G  0.006864  0.007848         0   0.01471        16       448    0.9607    0.9975    0.9942    0.7066   0.02352   0.02692         0
   406/499     5.22G  0.006105  0.007188         0   0.01329        16       448    0.9562    0.9975     0.994    0.7055   0.02349   0.02698         0
   407/499     5.22G  0.006448  0.007041         0   0.01349        16       448    0.9594    0.9975    0.9944    0.7138   0.02287   0.02625         0
   408/499     5.22G  0.006987   0.00778         0   0.01477        16       448    0.9585    0.9975    0.9952    0.7277    0.0219   0.02518         0
   409/499     5.22G  0.006413  0.007385         0    0.0138        16       448    0.9626     0.995    0.9954    0.7333   0.02157   0.02468         0
   410/499     5.22G  0.006681  0.007153         0   0.01383        16       448    0.9568     0.995    0.9951    0.7261   0.02178   0.02485         0
   411/499     5.22G  0.006588  0.007315         0    0.0139        16       448    0.9544    0.9955    0.9951    0.7204   0.02224   0.02516         0
   412/499     5.22G  0.006234  0.006866         0    0.0131        16       448    0.9557     0.995     0.995    0.7089   0.02281   0.02569         0
   413/499     5.22G  0.006494  0.007368         0   0.01386        16       448    0.9552     0.995     0.995    0.6951   0.02338   0.02593         0
   414/499     5.22G   0.00747  0.008015         0   0.01548        16       448    0.9593     0.995    0.9947    0.6779   0.02472    0.0266         0
   415/499     5.22G  0.008245  0.008477         0   0.01672        16       448     0.959    0.9973    0.9937    0.6888   0.02448     0.027         0
   416/499     5.22G  0.006032  0.006792         0   0.01282        16       448    0.9625    0.9975    0.9938    0.6806   0.02489   0.02777         0
   417/499     5.22G  0.005478  0.006378         0   0.01186        16       448    0.9575    0.9975    0.9932    0.6754   0.02498   0.02767         0
   418/499     5.22G  0.006261  0.006527         0   0.01279        16       448    0.9638    0.9975     0.994    0.6925   0.02444   0.02714         0
   419/499     5.22G  0.006222  0.006925         0   0.01315        16       448    0.9607    0.9975    0.9944    0.7003   0.02374   0.02636         0
   420/499     5.22G  0.006663  0.007511         0   0.01417        16       448    0.9521    0.9975    0.9936     0.713   0.02265   0.02572         0
   421/499     5.22G  0.005965  0.006906         0   0.01287        16       448    0.9603    0.9975    0.9941    0.7203    0.0224   0.02555         0
   422/499     5.22G  0.005862  0.006775         0   0.01264        16       448    0.9583    0.9975    0.9942    0.7203   0.02226   0.02536         0
   423/499     5.22G  0.005994  0.006359         0   0.01235        16       448    0.9624     0.995    0.9949    0.7255   0.02178   0.02475         0
   424/499     5.22G  0.005949  0.006819         0   0.01277        16       448     0.959     0.995    0.9947    0.7211   0.02235   0.02485         0
   425/499     5.22G  0.007509  0.007624         0   0.01513        16       448    0.9604     0.995    0.9946    0.7062   0.02284    0.0252         0
   426/499     5.22G  0.006131  0.006868         0     0.013        16       448     0.959     0.995     0.994    0.6927   0.02393   0.02632         0
   427/499     5.22G  0.005847   0.00697         0   0.01282        16       448    0.9567     0.995     0.994    0.6849   0.02455   0.02721         0
   428/499     5.22G  0.005383  0.006302         0   0.01168        16       448    0.9567     0.997    0.9935    0.6866   0.02465   0.02736         0
   429/499     5.22G  0.005236  0.005834         0   0.01107        16       448    0.9637    0.9975    0.9944     0.696   0.02437   0.02708         0
   430/499     5.22G  0.005831  0.006685         0   0.01252        16       448    0.9649    0.9975    0.9944    0.6993   0.02379   0.02661         0
   431/499     5.22G  0.006648  0.007305         0   0.01395        16       448    0.9639    0.9975    0.9946    0.7052   0.02359   0.02617         0
   432/499     5.22G  0.005838  0.006505         0   0.01234        16       448    0.9634    0.9975    0.9947    0.7068   0.02344   0.02615         0
   433/499     5.22G   0.00596  0.006379         0   0.01234        16       448    0.9541    0.9975    0.9935    0.7092   0.02303   0.02615         0
   434/499     5.22G  0.006329  0.006811         0   0.01314        16       448    0.9564    0.9975    0.9936    0.7103   0.02281   0.02585         0
   435/499     5.22G   0.00602  0.006852         0   0.01287        16       448    0.9535    0.9975    0.9942    0.7138   0.02227   0.02541         0
   436/499     5.22G  0.006003  0.006774         0   0.01278        16       448    0.9601    0.9975    0.9947    0.7175   0.02203   0.02505         0
   437/499     5.22G   0.00599  0.006899         0   0.01289        16       448    0.9597     0.995    0.9953    0.7205   0.02208   0.02493         0
   438/499     5.22G  0.005905  0.006499         0    0.0124        16       448    0.9593     0.995    0.9952    0.7117   0.02236   0.02522         0
   439/499     5.22G  0.005397  0.006404         0    0.0118        16       448    0.9599     0.995    0.9952      0.71    0.0226    0.0253         0
   440/499     5.22G  0.004885  0.005653         0   0.01054        16       448    0.9616     0.995    0.9946    0.7011   0.02333   0.02572         0
   441/499     5.22G  0.004872  0.005547         0   0.01042        16       448    0.9586     0.995    0.9942    0.6934   0.02399   0.02634         0
   442/499     5.22G  0.004945  0.005605         0   0.01055        16       448    0.9586     0.995    0.9939    0.6892   0.02483   0.02703         0
   443/499     5.22G  0.005392  0.006359         0   0.01175        16       448     0.961    0.9975    0.9938    0.6845    0.0251   0.02755         0
   444/499     5.22G  0.006219  0.007328         0   0.01355        16       448    0.9599    0.9975    0.9935     0.694   0.02475   0.02735         0
   445/499     5.22G  0.006351  0.007128         0   0.01348        16       448    0.9568    0.9975    0.9936    0.6981   0.02399   0.02711         0
   446/499     5.22G  0.006407  0.006628         0   0.01303        16       448    0.9586    0.9975    0.9939    0.7136   0.02302   0.02613         0
   447/499     5.22G  0.006092  0.006611         0    0.0127        16       448    0.9609    0.9975    0.9946    0.7154   0.02225   0.02553         0
   448/499     5.22G    0.0053  0.005585         0   0.01088        16       448    0.9596    0.9975     0.995    0.7269   0.02194   0.02507         0
   449/499     5.22G  0.004883  0.005278         0   0.01016        16       448    0.9586    0.9975    0.9952    0.7183   0.02206   0.02534         0
   450/499     5.22G  0.004956  0.006041         0     0.011        16       448    0.9619    0.9975    0.9952    0.7223   0.02215   0.02546         0
   451/499     5.22G  0.005378  0.005822         0    0.0112        16       448    0.9603    0.9975    0.9951    0.7108   0.02259   0.02565         0
   452/499     5.22G  0.005358   0.00612         0   0.01148        16       448    0.9579     0.995    0.9949    0.7121   0.02305    0.0257         0
   453/499     5.22G  0.006075  0.006618         0   0.01269        16       448    0.9636     0.995    0.9943     0.697   0.02348   0.02608         0
   454/499     5.22G  0.005709  0.006303         0   0.01201        16       448     0.964     0.995    0.9941    0.6958   0.02402   0.02647         0
   455/499     5.22G  0.005741  0.006444         0   0.01219        16       448    0.9609     0.995    0.9937     0.687   0.02392   0.02658         0
   456/499     5.22G  0.004989  0.005986         0   0.01098        16       448    0.9589    0.9952    0.9938    0.6976   0.02398   0.02656         0
   457/499     5.22G  0.005057   0.00599         0   0.01105        16       448    0.9542    0.9975    0.9933    0.6959   0.02368   0.02655         0
   458/499     5.22G  0.004678  0.005569         0   0.01025        16       448     0.959    0.9975    0.9936    0.7082   0.02341   0.02619         0
   459/499     5.22G  0.005306  0.006265         0   0.01157        16       448    0.9514    0.9975    0.9935    0.7045   0.02291   0.02594         0
   460/499     5.22G  0.005994  0.007035         0   0.01303        16       448     0.956    0.9975    0.9944    0.7121   0.02278   0.02585         0
   461/499     5.22G  0.004971  0.005973         0   0.01094        16       448    0.9555    0.9975    0.9944     0.715   0.02257   0.02561         0
   462/499     5.22G  0.004963   0.00585         0   0.01081        16       448    0.9586    0.9975    0.9947     0.724   0.02257   0.02557         0
   463/499     5.22G  0.004892  0.005537         0   0.01043        16       448     0.961    0.9975     0.995    0.7188    0.0227   0.02561         0
   464/499     5.22G  0.005312  0.005857         0   0.01117        16       448    0.9611    0.9975    0.9951    0.7189   0.02254   0.02552         0
   465/499     5.22G  0.005122  0.005846         0   0.01097        16       448    0.9632    0.9975     0.995    0.7133   0.02262   0.02551         0
   466/499     5.22G  0.005392  0.006132         0   0.01152        16       448    0.9636    0.9959     0.995    0.7118   0.02276   0.02555         0
   467/499     5.22G  0.005191   0.00604         0   0.01123        16       448    0.9632     0.995     0.995     0.706   0.02316   0.02578         0
   468/499     5.22G  0.005093  0.006018         0   0.01111        16       448    0.9684     0.995    0.9949    0.7052   0.02327   0.02586         0
   469/499     5.22G  0.004844  0.005747         0   0.01059        16       448    0.9642    0.9975    0.9944    0.6991   0.02352   0.02611         0
   470/499     5.22G  0.005188  0.006062         0   0.01125        16       448    0.9623    0.9975    0.9945    0.7052   0.02355   0.02615         0
   471/499     5.22G  0.004984  0.005739         0   0.01072        16       448    0.9583    0.9975    0.9936    0.6984   0.02366   0.02649         0
   472/499     5.22G  0.004925  0.005756         0   0.01068        16       448    0.9596    0.9975    0.9939    0.7042    0.0233    0.0263         0
   473/499     5.22G  0.004992  0.005838         0   0.01083        16       448    0.9567    0.9975    0.9935    0.7039   0.02306   0.02621         0
   474/499     5.22G  0.005367  0.006228         0   0.01159        16       448     0.959    0.9975    0.9945    0.7126   0.02279   0.02605         0
   475/499     5.22G  0.004985  0.005835         0   0.01082        16       448    0.9541    0.9975    0.9945    0.7141   0.02246   0.02576         0
   476/499     5.22G   0.00451  0.005628         0   0.01014        16       448    0.9573    0.9975    0.9948    0.7184    0.0223   0.02555         0
   477/499     5.22G  0.004945  0.005829         0   0.01077        16       448    0.9599    0.9975     0.995    0.7181   0.02246   0.02545         0
   478/499     5.22G  0.004973   0.00561         0   0.01058        16       448    0.9632    0.9975     0.995    0.7155   0.02277   0.02548         0
   479/499     5.22G  0.005025  0.005533         0   0.01056        16       448    0.9644     0.995    0.9949    0.7063   0.02303   0.02573         0
   480/499     5.22G  0.004628   0.00557         0    0.0102        16       448     0.965     0.995    0.9948    0.7056   0.02325   0.02584         0
   481/499     5.22G  0.005217  0.006034         0   0.01125        16       448    0.9637    0.9974    0.9945    0.7089   0.02346   0.02589         0
   482/499     5.22G  0.004899  0.005577         0   0.01048        16       448    0.9658    0.9975    0.9946    0.7076   0.02354   0.02615         0
   483/499     5.22G  0.004346  0.005198         0  0.009544        16       448    0.9637    0.9975    0.9945    0.7046   0.02338   0.02616         0
   484/499     5.22G  0.004729   0.00544         0   0.01017        16       448    0.9597    0.9975    0.9945    0.7114   0.02334   0.02606         0
   485/499     5.22G  0.004884  0.005559         0   0.01044        16       448    0.9563    0.9975     0.994    0.7078   0.02311   0.02603         0
   486/499     5.22G   0.00487   0.00539         0   0.01026        16       448    0.9562    0.9975     0.994    0.7127   0.02299   0.02595         0
   487/499     5.22G  0.004491  0.005284         0  0.009775        16       448    0.9561    0.9975    0.9941      0.71   0.02289     0.026         0
   488/499     5.22G  0.004656  0.005287         0  0.009943        16       448    0.9597    0.9975    0.9945    0.7121   0.02299   0.02613         0
   489/499     5.22G   0.00502  0.005687         0   0.01071        16       448    0.9596    0.9975     0.994    0.7085   0.02293   0.02626         0
   490/499     5.22G  0.004493  0.005135         0  0.009628        16       448    0.9566    0.9975    0.9947    0.7079   0.02298   0.02609         0
   491/499     5.22G  0.004624  0.005234         0  0.009858        16       448    0.9647    0.9975    0.9949    0.7048   0.02295   0.02593         0
   492/499     5.22G  0.004293  0.005065         0  0.009357        16       448    0.9661    0.9975    0.9949     0.707     0.023   0.02577         0
   493/499     5.22G   0.00456  0.005378         0  0.009937        16       448    0.9618     0.995    0.9948    0.6956   0.02332   0.02592         0
   494/499     5.22G  0.005177  0.006179         0   0.01136        16       448    0.9652     0.995    0.9946    0.7018   0.02315   0.02571         0
   495/499     5.22G  0.004644  0.005591         0   0.01023        16       448    0.9683     0.995    0.9947    0.7012   0.02328    0.0259         0
   496/499     5.22G  0.004642  0.005653         0    0.0103        16       448    0.9661    0.9975    0.9949    0.7114   0.02306   0.02584         0
   497/499     5.22G  0.004364   0.00503         0  0.009394        16       448    0.9544    0.9975    0.9941    0.7061   0.02306   0.02599         0
   498/499     5.22G   0.00441  0.005229         0  0.009639        16       448    0.9562    0.9975     0.994    0.7096   0.02301   0.02602         0
   499/499     5.22G  0.004585  0.005298         0  0.009883        16       448    0.9558    0.9975    0.9935    0.7079   0.02289   0.02605         0
