     0/499    0.424G    0.1229   0.07316         0    0.1961        16       448         0         0         0         0         0         0         0
     1/499      3.9G    0.1134   0.04048         0    0.1539        16       448         0         0         0         0         0         0         0
     2/499      3.9G    0.1084   0.04078         0    0.1492        16       448         0         0         0         0         0         0         0
     3/499      3.9G    0.1026   0.04608         0    0.1487        16       448         0         0  5.86e-05  1.84e-05    0.1053   0.04008         0
     4/499     3.47G   0.09627   0.05087         0    0.1471        16       448         0         0 0.0004872 0.0001138    0.1049   0.04023         0
     5/499     3.47G   0.09186   0.05343         0    0.1453        16       448         0         0 0.0005164 0.0001291    0.1049   0.04037         0
     6/499     3.47G   0.08624   0.05533         0    0.1416        16       448         0         0 0.0006606 0.0001625    0.1046   0.04044         0
     7/499     3.47G   0.08204    0.0524         0    0.1344        16       448         0         0 0.0007109  0.000175     0.105   0.03959         0
     8/499     3.47G   0.07827   0.04906         0    0.1273        16       448         0         0 0.0007442 0.0001583    0.1041    0.0403         0
     9/499     3.47G   0.08011    0.0431         0    0.1232        16       448         0         0  0.001568 0.0003853    0.1064   0.03867         0
    10/499     3.47G   0.07764   0.04012         0    0.1178        16       448         0         0  0.001176 0.0002869    0.1057   0.04014         0
    11/499     3.47G   0.07434   0.04014         0    0.1145        16       448         0         0  0.001855 0.0004751    0.1049   0.04236         0
    12/499     3.47G   0.07538   0.03904         0    0.1144        16       448         0         0  0.001418 0.0003395     0.105   0.04302         0
    13/499     3.47G   0.07959   0.03454         0    0.1141        16       448         0         0  0.001551 0.0003704    0.1067   0.04105         0
    14/499     3.47G   0.07523    0.0354         0    0.1106        16       448         0         0  0.001617  0.000406     0.107    0.0412         0
    15/499     3.47G    0.0695   0.03708         0    0.1066        16       448         0         0  0.001463 0.0003645    0.1066   0.04269         0
    16/499     3.47G   0.07483   0.03324         0    0.1081        16       448         0         0  0.001491 0.0003501    0.1106   0.03673         0
    17/499     3.47G   0.07515   0.03286         0     0.108        16       448         0         0  0.001419 0.0003492    0.1088   0.03987         0
    18/499     3.47G    0.0706     0.032         0    0.1026        16       448         0         0  0.001626 0.0003809    0.1058   0.04437         0
    19/499     3.47G    0.0714   0.03181         0    0.1032        16       448         0         0  0.001737  0.000432    0.1092   0.04026         0
    20/499     3.47G   0.07106   0.03178         0    0.1028        16       448         0         0  0.001986 0.0004483    0.1151   0.03117         0
    21/499     3.47G   0.06906   0.03168         0    0.1007        16       448         0         0  0.003192  0.000709    0.1106   0.03683         0
    22/499     3.47G    0.0697   0.03725         0    0.1069        16       448         0         0  0.006949  0.001559    0.1047   0.04282         0
    23/499     3.47G   0.06871   0.03179         0    0.1005        16       448         0         0  0.003073 0.0007641    0.1122   0.03393         0
    24/499     3.47G   0.06823   0.03084         0   0.09907        16       448         0         0  0.008189  0.001827    0.1027   0.04511         0
    25/499     3.47G   0.06769   0.03044         0   0.09813        16       448    0.1281  0.002506   0.01193  0.002178   0.09558   0.05011         0
    26/499     3.47G   0.06269    0.0304         0   0.09308        16       448         0         0  0.008271   0.00184   0.09319   0.05303         0
    27/499     3.47G   0.06552   0.02825         0   0.09377        16       448    0.1318  0.002506   0.03814   0.01087   0.09052   0.04572         0
    28/499     3.47G   0.06469   0.02799         0   0.09268        16       448         0         0   0.02177  0.005643   0.08733   0.05278         0
    29/499     3.47G   0.06304   0.03037         0   0.09341        16       448    0.7162   0.01003    0.1137   0.03071   0.08561   0.04735         0
    30/499     3.47G   0.06321   0.03048         0   0.09369        16       448    0.4268    0.1178    0.1666   0.03388   0.08087   0.04231         0
    31/499     3.47G   0.06235   0.02813         0   0.09048        16       448    0.6873   0.01111    0.1401   0.02538   0.08304   0.05137         0
    32/499     3.47G   0.06353   0.02634         0   0.08987        16       448    0.3342   0.01754    0.1719   0.03698   0.08461    0.0412         0
    33/499     3.47G    0.0619   0.02625         0   0.08815        16       448    0.5727    0.4336      0.39   0.09187   0.07566   0.03574         0
    34/499     3.47G   0.06187   0.02799         0   0.08986        16       448    0.8014   0.01013    0.1696   0.04843   0.08433   0.05105         0
    35/499     3.47G   0.06127   0.02801         0   0.08928        16       448    0.3836    0.3697    0.1942   0.06039   0.07997   0.03979         0
    36/499     3.47G   0.05996   0.02765         0   0.08762        16       448    0.2484    0.1987    0.1572   0.03881    0.0772   0.03488         0
    37/499     3.47G   0.05607   0.02592         0   0.08199        16       448    0.4169     0.416    0.3785   0.08883   0.08177   0.03088         0
    38/499     3.47G   0.05724   0.02689         0   0.08413        16       448    0.2725    0.4962    0.2833   0.06365   0.06936   0.03225         0
    39/499     3.47G   0.06019   0.02609         0   0.08628        16       448    0.4127    0.2857    0.3565   0.08097   0.06667   0.04036         0
    40/499     3.47G   0.05748   0.02445         0   0.08193        16       448    0.4467    0.6642     0.478    0.1157   0.06818   0.03464         0
    41/499     3.47G    0.0566   0.02443         0   0.08103        16       448    0.6451    0.5011    0.5703    0.1432   0.06507   0.03923         0
    42/499     3.47G   0.05594   0.02357         0   0.07951        16       448    0.6924    0.5213    0.6504    0.2352   0.05887   0.04157         0
    43/499     3.47G   0.05378   0.02324         0   0.07702        16       448    0.7443    0.4085    0.6626    0.1963   0.05859   0.05088         0
    44/499     3.47G   0.05026   0.02309         0   0.07335        16       448    0.4718     0.535    0.4219   0.09439   0.06485   0.04047         0
    45/499     3.47G   0.05836   0.02343         0    0.0818        16       448    0.4694    0.5338    0.4141    0.0826   0.06893   0.03405         0
    46/499     3.47G   0.05439   0.02398         0   0.07838        16       448    0.3836    0.6642    0.4379   0.08293   0.06668   0.03354         0
    47/499     3.47G   0.05267   0.02314         0    0.0758        16       448     0.486    0.5739    0.5445    0.1592   0.06708   0.03467         0
    48/499     3.47G   0.05184   0.02368         0   0.07553        16       448    0.3565    0.5414    0.3061    0.1059   0.06559   0.03929         0
    49/499     3.47G   0.05446   0.02239         0   0.07686        16       448    0.7696    0.5274    0.7035    0.2062   0.05728   0.04299         0
    50/499     3.47G    0.0545   0.02402         0   0.07852        16       448    0.4517       0.7    0.4422    0.1158   0.06127    0.0403         0
    51/499     3.47G   0.05089   0.02469         0   0.07559        16       448    0.6073    0.8622    0.8216    0.3342   0.04838   0.03084         0
    52/499     3.47G   0.04968   0.02191         0   0.07159        16       448    0.5014    0.5539    0.5524    0.1561   0.05952   0.03923         0
    53/499     3.47G   0.05112   0.02222         0   0.07334        16       448    0.4534    0.4912    0.4833    0.1139   0.06166   0.04577         0
    54/499     3.47G   0.05163   0.02187         0    0.0735        16       448    0.6074    0.6824     0.718    0.1787   0.05584   0.03561         0
    55/499     3.47G   0.04934   0.02157         0    0.0709        16       448    0.6525    0.5363    0.5852    0.1931   0.06025   0.03855         0
    56/499     3.47G   0.05087   0.02125         0   0.07212        16       448    0.6106    0.2712    0.5075    0.1427    0.0636   0.06187         0
    57/499     3.47G   0.04937     0.022         0   0.07137        16       448    0.6118     0.792    0.7553    0.2433   0.04934   0.03567         0
    58/499     3.47G   0.05309   0.02249         0   0.07558        16       448     0.477    0.5739    0.5223    0.1278   0.06495   0.02995         0
    59/499     3.47G   0.05261    0.0214         0     0.074        16       448    0.4046    0.8396    0.6167    0.1379   0.06149   0.03012         0
    60/499     3.47G   0.05073   0.02098         0   0.07171        16       448    0.7289    0.4536    0.4751    0.1419   0.06842   0.04045         0
    61/499     3.47G   0.04789   0.02049         0   0.06838        16       448    0.4356    0.4912    0.2883    0.1016    0.0711   0.04408         0
    62/499     3.47G   0.05232   0.02159         0   0.07391        16       448    0.4429     0.609    0.3959   0.08113   0.06622   0.03663         0
    63/499     3.47G   0.04822   0.02244         0   0.07066        16       448    0.5357    0.5489    0.5793    0.1553    0.0565   0.03883         0
    64/499     3.47G   0.05247      0.02         0   0.07248        16       448    0.4214    0.4637    0.3182   0.05845   0.07252   0.03941         0
    65/499     3.47G   0.05087   0.02153         0   0.07241        16       448    0.4781    0.7644    0.5185    0.1208   0.06211   0.03361         0
    66/499     3.47G   0.04597   0.02073         0    0.0667        16       448    0.6611    0.8213    0.8084    0.2842   0.04716   0.03195         0
    67/499     3.47G   0.04708   0.02004         0   0.06712        16       448    0.5644    0.2955     0.398   0.08317   0.07051   0.05181         0
    68/499     3.47G   0.05285   0.02047         0   0.07333        16       448      0.59    0.2596    0.4129    0.1154   0.06783   0.04287         0
    69/499     3.47G   0.04908   0.02027         0   0.06936        16       448    0.5131    0.4862    0.4627    0.1241   0.06257   0.03739         0
    70/499     3.47G   0.04635    0.0192         0   0.06555        16       448    0.5322    0.4712    0.4706   0.09542   0.06392   0.04207         0
    71/499     3.47G   0.05133   0.02028         0   0.07162        16       448    0.4899    0.3283    0.4237   0.09029   0.07243   0.05197         0
    72/499     3.47G   0.04587   0.02036         0   0.06623        16       448    0.4883    0.7629    0.4886    0.1418   0.05641   0.03382         0
    73/499     3.47G   0.05025   0.01976         0   0.07002        16       448     0.515    0.6416    0.5748    0.1455   0.05994   0.03469         0
    74/499     3.47G   0.04485   0.01955         0   0.06439        16       448    0.5257    0.8246    0.7713    0.3476   0.04311   0.03213         0
    75/499     3.47G    0.0435   0.01824         0   0.06174        16       448    0.6879    0.7514    0.7095    0.1779   0.05611    0.0368         0
    76/499     3.47G   0.04517   0.01876         0   0.06393        16       448    0.4801    0.6411    0.5132    0.1168   0.06363   0.03464         0
    77/499     3.47G    0.0469   0.01885         0   0.06575        16       448    0.6631    0.6341    0.6597     0.241   0.05556   0.03013         0
    78/499     3.47G   0.04221   0.01835         0   0.06055        16       448    0.6771    0.7268    0.7736    0.2638   0.05186    0.0329         0
    79/499     3.47G   0.04605    0.0186         0   0.06465        16       448    0.4756    0.9599    0.7901    0.2745   0.04642   0.02347         0
    80/499     3.47G   0.04284   0.01858         0   0.06142        16       448    0.6074    0.8722    0.8359    0.2426   0.05226   0.02883         0
    81/499     3.47G   0.04128   0.01836         0   0.05964        16       448    0.6924    0.6767    0.7812    0.2817   0.04975   0.02839         0
    82/499     3.47G   0.04363   0.01865         0   0.06227        16       448    0.6964    0.7648    0.7449    0.2918   0.05102   0.03794         0
    83/499     3.47G   0.04098   0.01778         0   0.05876        16       448    0.6758    0.5664     0.717    0.3049   0.05173   0.03708         0
    84/499     3.47G   0.04124   0.01806         0   0.05929        16       448    0.5093    0.9311     0.728    0.2346   0.04683   0.02825         0
    85/499     3.47G   0.04108   0.01814         0   0.05923        16       448    0.6861    0.8622    0.7908    0.2657   0.05329   0.02902         0
    86/499     3.47G   0.04248   0.01797         0   0.06045        16       448    0.6848    0.7026    0.7849    0.2371   0.04967   0.03383         0
    87/499     3.47G   0.03744   0.01796         0   0.05541        16       448     0.619    0.9574    0.8595    0.3156   0.05068   0.02525         0
    88/499     3.47G   0.04261    0.0188         0   0.06141        16       448    0.5914    0.8296    0.7088    0.2022   0.05102   0.03868         0
    89/499     3.47G    0.0414   0.01866         0   0.06006        16       448     0.883    0.5109    0.8191    0.3935   0.04832   0.05345         0
    90/499     3.47G   0.03874   0.01785         0    0.0566        16       448    0.7279    0.6491    0.7531    0.3159   0.04513   0.03612         0
    91/499     3.47G   0.03822   0.01685         0   0.05508        16       448    0.7136    0.8797    0.8984    0.3978   0.04102    0.0265         0
    92/499     3.47G   0.03656   0.01622         0   0.05278        16       448    0.6905    0.8051    0.8441    0.3457   0.04803   0.02771         0
    93/499     3.47G   0.04015   0.01652         0   0.05667        16       448    0.8311    0.7995    0.8803     0.345   0.04661   0.03057         0
    94/499     3.47G   0.03781   0.01668         0    0.0545        16       448    0.9176    0.9323      0.97    0.4926   0.03864   0.03095         0
    95/499     3.47G   0.04028   0.01667         0   0.05695        16       448    0.7934    0.6967    0.8398    0.3321   0.04769   0.04095         0
    96/499     3.47G   0.03852   0.01649         0   0.05501        16       448    0.8563    0.5965     0.751    0.3316   0.04884   0.03952         0
    97/499     3.47G   0.03544   0.01605         0   0.05149        16       448    0.9311    0.5079    0.7211    0.3427   0.04949   0.04621         0
    98/499     3.47G   0.03638   0.01572         0    0.0521        16       448    0.7843    0.8655      0.87    0.2771   0.05297   0.03576         0
    99/499     3.47G   0.03742   0.01676         0   0.05418        16       448      0.59    0.9073    0.7284    0.1713   0.05368   0.02831         0
   100/499     3.47G   0.03831   0.01705         0   0.05536        16       448    0.8718    0.8522    0.9032    0.3846   0.04443   0.03447         0
   101/499     3.47G   0.03427   0.01618         0   0.05045        16       448    0.8356    0.6368    0.8014    0.3132   0.05664   0.04076         0
   102/499     3.47G   0.03538   0.01604         0   0.05142        16       448    0.9332    0.3849    0.7782     0.329   0.06287   0.05821         0
   103/499     3.47G   0.03552   0.01638         0   0.05189        16       448    0.8429    0.7529    0.8364    0.3701   0.05419   0.04645         0
   104/499     3.47G   0.03951    0.0168         0   0.05632        16       448    0.6585    0.7588    0.6473    0.2183   0.05761   0.04224         0
   105/499     3.47G   0.04064   0.01724         0   0.05788        16       448    0.8044    0.7444    0.8331    0.3261   0.05189    0.0443         0
   106/499     3.47G   0.03553   0.01705         0   0.05258        16       448    0.9133    0.8722    0.9486    0.4439   0.04704   0.03489         0
   107/499     3.47G   0.03332   0.01571         0   0.04903        16       448    0.7625    0.8947    0.8813    0.3313   0.04824   0.03305         0
   108/499     3.47G   0.03584   0.01654         0   0.05238        16       448    0.7378    0.7644    0.8134    0.3766   0.04759   0.03907         0
   109/499     3.47G   0.03317   0.01532         0    0.0485        16       448    0.8216    0.5425     0.731    0.2881   0.05219   0.04475         0
   110/499     3.47G   0.03494   0.01559         0   0.05053        16       448    0.8405    0.5013    0.5473    0.3012   0.05837   0.03292         0
   111/499     3.47G    0.0377   0.01615         0   0.05385        16       448    0.9305    0.7387     0.879    0.2919    0.0564   0.02961         0
   112/499     3.47G   0.03477    0.0161         0   0.05087        16       448    0.7786     0.908    0.9072    0.4308   0.04773   0.02777         0
   113/499     3.47G   0.03587   0.01588         0   0.05175        16       448    0.8088    0.8521    0.9001    0.4124   0.04004   0.02965         0
   114/499     3.47G   0.03456   0.01585         0   0.05042        16       448    0.8837    0.7895     0.915    0.4474   0.04272   0.03314         0
   115/499     3.47G   0.03278   0.01514         0   0.04791        16       448     0.873    0.6541    0.8001    0.3146   0.04818   0.03475         0
   116/499     3.47G   0.03492   0.01617         0   0.05109        16       448    0.7263    0.6519    0.7584    0.2723    0.0505   0.03916         0
   117/499     3.47G   0.03456   0.01561         0   0.05018        16       448    0.8628    0.8195    0.9088    0.4468   0.04051   0.03174         0
   118/499     3.47G   0.03152   0.01524         0   0.04676        16       448    0.9383    0.6291    0.8293    0.3924    0.0468   0.04265         0
   119/499     3.47G   0.03243   0.01488         0    0.0473        16       448    0.7977    0.8101    0.8717    0.3123   0.04791   0.03663         0
   120/499     3.47G   0.03391   0.01498         0   0.04889        16       448    0.8778    0.9543     0.965    0.4108   0.04247   0.02813         0
   121/499     3.47G   0.03036   0.01417         0   0.04453        16       448    0.8938    0.9074    0.9613    0.5541   0.03488   0.03057         0
   122/499     3.47G   0.03117   0.01428         0   0.04544        16       448    0.7371    0.7869    0.8144    0.2304   0.05129   0.03071         0
   123/499     3.47G   0.03657   0.01604         0   0.05261        16       448    0.8308    0.7343    0.8271    0.3868   0.04665    0.0301         0
   124/499     3.47G   0.02921   0.01443         0   0.04364        16       448    0.8849    0.9638    0.9632    0.4691   0.03681   0.02423         0
   125/499     3.47G   0.02785   0.01421         0   0.04206        16       448    0.8247    0.8841    0.9152     0.431   0.04206    0.0331         0
   126/499     3.47G   0.03128   0.01451         0   0.04579        16       448    0.8784    0.6882    0.8817    0.3202   0.04997   0.03974         0
   127/499     3.47G   0.03261   0.01537         0   0.04798        16       448    0.7915    0.6391    0.7811    0.3617   0.04872   0.04539         0
   128/499     3.47G   0.03287   0.01512         0   0.04799        16       448    0.8324    0.8462    0.9008    0.3876   0.05064   0.03527         0
   129/499     3.47G   0.03118   0.01488         0   0.04605        16       448    0.9233    0.7841     0.927    0.4421   0.04328   0.03461         0
   130/499     3.47G   0.03068   0.01441         0   0.04509        16       448    0.8928    0.5218    0.7231    0.2684   0.04898   0.04322         0
   131/499     3.47G   0.02823   0.01415         0   0.04237        16       448    0.8931    0.9023    0.9648    0.5483   0.03298   0.02523         0
   132/499     3.47G   0.02935   0.01386         0   0.04321        16       448    0.8419    0.8007    0.9012    0.3831   0.04712   0.03546         0
   133/499     3.47G   0.03285   0.01554         0   0.04839        16       448    0.8374    0.9749    0.9656    0.4257   0.03882   0.02309         0
   134/499     3.47G    0.0276   0.01434         0   0.04194        16       448    0.8804    0.9224    0.9591    0.5475   0.03678   0.02785         0
   135/499     3.47G   0.02922   0.01456         0   0.04379        16       448    0.8236    0.9649    0.9612     0.422   0.03733   0.02316         0
   136/499     3.47G   0.02979   0.01467         0   0.04446        16       448    0.9598    0.9568    0.9848    0.4292   0.04305   0.02771         0
   137/499     3.47G   0.02994   0.01407         0   0.04402        16       448    0.9673    0.9799    0.9925     0.553   0.03286   0.02123         0
   138/499     3.47G   0.02702   0.01341         0   0.04042        16       448    0.9679    0.9073      0.98    0.4892   0.03541   0.02716         0
   139/499     3.47G   0.02868   0.01408         0   0.04276        16       448    0.9608    0.6759    0.9316    0.4983   0.04554   0.04866         0
   140/499     3.47G   0.02704   0.01334         0   0.04038        16       448    0.9305    0.8393    0.9604    0.5222   0.03458   0.03318         0
   141/499     3.47G   0.02618   0.01323         0   0.03941        16       448    0.9325    0.9398    0.9713    0.5231   0.03757   0.02831         0
   142/499     3.47G    0.0284   0.01364         0   0.04205        16       448     0.861     0.985    0.9869    0.5298    0.0354   0.02118         0
   143/499     3.47G   0.02457   0.01269         0   0.03726        16       448    0.8738    0.9799    0.9817    0.5972   0.03033   0.02131         0
   144/499     3.47G   0.02227    0.0114         0   0.03367        16       448    0.9351    0.9724    0.9882    0.6134   0.03145   0.02474         0
   145/499     3.47G   0.02478   0.01203         0   0.03681        16       448    0.9694    0.9023    0.9813    0.6186   0.03088   0.02837         0
   146/499     3.47G    0.0245   0.01259         0   0.03709        16       448    0.9774    0.7574    0.9628    0.6209    0.0332    0.0369         0
   147/499     3.47G   0.02062   0.01169         0    0.0323        16       448     0.956    0.8703    0.9751    0.5689   0.03453   0.02771         0
   148/499     3.47G   0.02239   0.01121         0    0.0336        16       448      0.96    0.9026    0.9794    0.5248   0.03797   0.02656         0
   149/499     3.47G   0.02404   0.01239         0   0.03643        16       448    0.9074    0.9825    0.9865    0.5972   0.02848   0.02107         0
   150/499     3.47G   0.02375   0.01207         0   0.03583        16       448    0.8649     0.947    0.9736    0.6315    0.0299   0.02671         0
   151/499     3.47G   0.02187    0.0114         0   0.03326        16       448    0.9627    0.7115    0.9409    0.6086    0.0342   0.03825         0
   152/499     3.47G    0.0192   0.01063         0   0.02984        16       448    0.9588    0.8754    0.9786    0.6334   0.03141   0.02892         0
   153/499     3.47G    0.0202   0.01079         0   0.03099        16       448     0.978    0.8898    0.9825    0.5619    0.0341   0.03263         0
   154/499     3.47G   0.02359   0.01206         0   0.03565        16       448    0.9881    0.8329    0.9734    0.6127   0.03312    0.0327         0
   155/499     3.47G   0.01913   0.01092         0   0.03005        16       448    0.9272    0.9674    0.9854      0.63   0.02838   0.02154         0
   156/499     3.47G   0.02169    0.0112         0   0.03289        16       448    0.9645    0.9724    0.9893    0.5816   0.03226   0.02223         0
   157/499     3.47G    0.0221   0.01162         0   0.03372        16       448    0.9649    0.8947    0.9768    0.5091   0.03583   0.02633         0
   158/499     3.47G   0.02567   0.01238         0   0.03805        16       448    0.8472    0.9174    0.9541    0.4972   0.03789   0.02154         0
   159/499     3.47G   0.02556   0.01261         0   0.03817        16       448    0.9535    0.9243    0.9801    0.5477   0.03554   0.02222         0
   160/499     3.47G   0.02628   0.01249         0   0.03878        16       448    0.9347    0.7889    0.9245    0.5383    0.0384   0.02749         0
   161/499     3.47G   0.02259   0.01128         0   0.03387        16       448    0.8868    0.7851    0.9141    0.5332   0.04186   0.02521         0
   162/499     3.47G   0.02339   0.01195         0   0.03534        16       448    0.8884    0.7093    0.8787    0.4785   0.04638   0.02822         0
   163/499     3.47G    0.0289   0.01385         0   0.04275        16       448    0.8633    0.8471    0.9424    0.5197   0.03915   0.02548         0
   164/499     3.47G    0.0277   0.01325         0   0.04095        16       448     0.768    0.7635    0.8705    0.4899   0.04577   0.02869         0
   165/499     3.47G   0.02199   0.01162         0   0.03361        16       448    0.7474    0.9499    0.9212     0.551   0.03887    0.0234         0
   166/499     3.47G   0.02058   0.01147         0   0.03205        16       448    0.7786    0.9724    0.9396     0.607   0.03296   0.02369         0
   167/499     3.47G    0.0197   0.01107         0   0.03077        16       448    0.8529    0.9599    0.9685    0.6356   0.03055   0.02348         0
   168/499     3.47G   0.02266   0.01154         0   0.03419        16       448    0.8018     0.995    0.9754    0.5785   0.03241   0.02104         0
   169/499     3.47G   0.02176   0.01151         0   0.03327        16       448    0.8975    0.9975     0.986    0.5565    0.0341   0.01978         0
   170/499     3.47G   0.02274     0.012         0   0.03474        16       448    0.9566    0.9774    0.9803    0.4986   0.03969   0.01842         0
   171/499     3.47G   0.02086    0.0106         0   0.03146        16       448    0.8022    0.9474    0.9539    0.4901   0.03629    0.0212         0
   172/499     3.47G   0.01998   0.01073         0   0.03071        16       448     0.985         1    0.9961    0.5765   0.03059   0.01591         0
   173/499     3.47G   0.02061   0.01094         0   0.03154        16       448    0.9757      0.99    0.9958     0.661   0.02576   0.01626         0
   174/499     3.47G   0.02192   0.01148         0    0.0334        16       448     0.961    0.9262    0.9847     0.653   0.02721   0.02376         0
   175/499     3.47G   0.02062   0.01088         0   0.03151        16       448    0.9595     0.832    0.9657    0.6283   0.02941   0.02787         0
   176/499     3.47G   0.01893   0.01028         0   0.02922        16       448    0.9685    0.7714    0.9406    0.5564   0.03739   0.03052         0
   177/499     3.47G   0.02355   0.01151         0   0.03506        16       448    0.9668    0.7294    0.9461     0.528   0.03939   0.03154         0
   178/499     3.47G   0.02329   0.01142         0   0.03471        16       448    0.9435    0.9632    0.9912    0.6071   0.03051   0.02075         0
   179/499     3.47G   0.02249   0.01137         0   0.03386        16       448    0.9678    0.9792    0.9909    0.5705   0.03279   0.02248         0
   180/499     3.47G   0.02639   0.01246         0   0.03885        16       448    0.9422    0.9388    0.9475    0.4217   0.03875    0.0227         0
   181/499     3.47G   0.02667   0.01293         0    0.0396        16       448    0.9703    0.9674    0.9931    0.5753   0.04025   0.02518         0
   182/499     3.47G   0.02389   0.01189         0   0.03578        16       448    0.8112    0.9799    0.9747    0.5885   0.03137   0.01776         0
   183/499     3.47G   0.01812    0.0101         0   0.02822        16       448    0.9159    0.9123    0.9674    0.6225   0.03405   0.02173         0
   184/499     3.47G   0.01693  0.009784         0   0.02671        16       448    0.8664    0.9549    0.9696    0.6476    0.0315   0.01982         0
   185/499     3.47G    0.0187   0.01027         0   0.02897        16       448    0.9303    0.9599    0.9827    0.5805   0.03252   0.02244         0
   186/499     3.47G   0.02177   0.01179         0   0.03356        16       448    0.8945    0.9599    0.9811    0.6537   0.02818   0.02409         0
   187/499     3.47G   0.02152   0.01103         0   0.03255        16       448    0.8798    0.9524    0.9793    0.6377   0.02828   0.02472         0
   188/499     3.47G   0.01805   0.00989         0   0.02794        16       448     0.958     0.857    0.9651    0.6459   0.02974   0.03101         0
   189/499     3.47G    0.0153   0.00897         0   0.02427        16       448    0.9637    0.9248     0.984    0.6717   0.02686   0.02441         0
   190/499     3.47G   0.01665  0.009082         0   0.02573        16       448    0.9834    0.9799    0.9955     0.675    0.0239   0.01691         0
   191/499     3.47G   0.01781  0.009588         0    0.0274        16       448    0.9777     0.985    0.9948    0.6645   0.02775   0.01925         0
   192/499     3.47G   0.01761  0.009788         0   0.02739        16       448    0.9925    0.9896    0.9962    0.6328   0.02692   0.01773         0
   193/499     3.47G   0.01972   0.01072         0   0.03044        16       448     0.995    0.9893    0.9966    0.5737   0.03081   0.01881         0
   194/499     3.47G   0.02166   0.01092         0   0.03258        16       448    0.9781    0.9875    0.9932    0.5942   0.03087    0.0192         0
   195/499     3.47G   0.02071   0.01083         0   0.03154        16       448      0.97    0.9735    0.9915    0.6074   0.03145   0.02093         0
   196/499     3.47G   0.01906   0.01011         0   0.02917        16       448    0.9767    0.9624    0.9932    0.6177   0.03202   0.02155         0
   197/499     3.47G   0.01959   0.01019         0   0.02977        16       448    0.9555    0.9681    0.9915    0.6458   0.02998   0.01969         0
   198/499     3.47G   0.02063   0.01075         0   0.03138        16       448    0.9059    0.9624    0.9833    0.6342   0.03074   0.01998         0
   199/499     3.47G   0.01997   0.01077         0   0.03073        16       448    0.9454    0.8622    0.9709    0.6561   0.03095   0.02368         0
   200/499     3.47G    0.0182   0.01028         0   0.02848        16       448    0.8477    0.9346    0.9662     0.653   0.03094   0.02295         0
   201/499     3.47G   0.01846   0.01019         0   0.02864        16       448    0.7594    0.9273    0.9255    0.5611   0.03459   0.02206         0
   202/499     3.47G   0.01988   0.01062         0    0.0305        16       448    0.7978    0.9649    0.9518    0.5255   0.03931   0.02391         0
   203/499     3.47G   0.02033   0.01075         0   0.03108        16       448    0.8286    0.9815    0.9596    0.5316   0.03707   0.02033         0
   204/499     3.47G   0.01881   0.01078         0   0.02959        16       448    0.8823    0.9014    0.9684    0.5927   0.03981   0.02607         0
   205/499     3.47G   0.01756  0.009985         0   0.02755        16       448    0.9138    0.9559     0.979    0.5352   0.03918   0.02015         0
   206/499     3.47G   0.01723  0.009603         0   0.02684        16       448    0.9094    0.9649    0.9829    0.6604   0.02785   0.01885         0
   207/499     3.47G   0.01651  0.009315         0   0.02583        16       448    0.9547    0.9825    0.9919    0.6588   0.02503   0.01873         0
   208/499     3.47G   0.01406  0.008659         0   0.02272        16       448    0.9472    0.9975    0.9937    0.6939   0.02278   0.01676         0
   209/499     3.47G   0.01692  0.009259         0   0.02618        16       448     0.944     0.995    0.9936    0.6099   0.02544   0.01679         0
   210/499     3.47G   0.01766   0.01003         0   0.02769        16       448    0.9217    0.9724    0.9855    0.5833   0.03091   0.02083         0
   211/499     3.47G   0.01859   0.01021         0    0.0288        16       448    0.9396    0.7845    0.9427     0.522   0.03942   0.02829         0
   212/499     3.47G   0.01693  0.009397         0   0.02633        16       448    0.9115     0.981    0.9903    0.6093   0.03054   0.01795         0
   213/499     3.47G   0.01907   0.01026         0   0.02933        16       448    0.9523    0.9875    0.9889    0.6061   0.02724    0.0167         0
   214/499     3.47G   0.02432   0.01219         0   0.03651        16       448    0.9616    0.9875    0.9769    0.5013   0.03452   0.01573         0
   215/499     3.47G   0.02503   0.01215         0   0.03718        16       448    0.9791    0.8622    0.9692    0.6101   0.03447   0.03712         0
   216/499     3.47G   0.01859   0.01043         0   0.02902        16       448    0.9732    0.8184    0.9621    0.5758   0.04133   0.03944         0
   217/499     3.47G   0.01339  0.008259         0   0.02165        16       448    0.9638    0.9338    0.9784    0.5744   0.04087   0.02548         0
   218/499     3.47G    0.0128  0.008107         0   0.02091        16       448    0.9725    0.9975     0.996    0.7015   0.02383   0.01392         0
   219/499     3.47G   0.01263   0.00786         0   0.02049        16       448    0.9829         1    0.9962    0.7312   0.01979   0.01249         0
   220/499     3.47G   0.01519  0.008686         0   0.02388        16       448    0.9571    0.9825    0.9945    0.6294   0.02603   0.01523         0
   221/499     3.47G   0.01703  0.009416         0   0.02644        16       448    0.9458    0.9449    0.9784    0.6425   0.02803   0.02184         0
   222/499     3.47G   0.01519  0.008961         0   0.02415        16       448    0.9862    0.7139    0.9373    0.6248   0.03236   0.03612         0
   223/499     3.47G   0.01286  0.007839         0    0.0207        16       448    0.9477    0.9649    0.9896    0.7006   0.02574   0.02084         0
   224/499     3.47G   0.01304  0.007982         0   0.02103        16       448    0.9523    0.9799     0.993    0.7186   0.02382   0.01874         0
   225/499     3.47G   0.01505  0.008599         0   0.02365        16       448    0.9589    0.9825     0.994    0.6426   0.02642   0.01865         0
   226/499     3.47G    0.0177   0.01005         0   0.02775        16       448    0.9738     0.995    0.9931    0.5905   0.02781   0.01488         0
   227/499     3.47G   0.01947   0.01061         0   0.03008        16       448    0.9825    0.9874    0.9963     0.607   0.03054   0.01743         0
   228/499     3.47G   0.01554  0.009377         0   0.02492        16       448    0.9949    0.9769    0.9965     0.665   0.02906   0.01862         0
   229/499     3.47G   0.01274  0.008255         0     0.021        16       448    0.9925     0.999    0.9967    0.7362   0.02274   0.01285         0
   230/499     3.47G   0.01314   0.00812         0   0.02126        16       448    0.9914         1    0.9965    0.7646    0.0182   0.01099         0
   231/499     3.47G   0.01264  0.007846         0   0.02048        16       448    0.9915         1    0.9966    0.7656   0.01756   0.01048         0
   232/499     3.47G   0.01389  0.007941         0   0.02183        16       448    0.9925         1    0.9968    0.7768   0.01741   0.01083         0
   233/499     3.47G   0.01362  0.008045         0   0.02167        16       448    0.9707    0.9959    0.9963     0.757   0.01943   0.01219         0
   234/499     3.47G   0.01385  0.008049         0    0.0219        16       448    0.8799    0.9373    0.9766    0.6591   0.02654   0.01943         0
   235/499     3.47G   0.01451  0.008403         0   0.02291        16       448    0.9218    0.7694    0.9321    0.5746   0.03488   0.03017         0
   236/499     3.47G   0.01651  0.008991         0    0.0255        16       448    0.9621    0.5724    0.8534    0.4931   0.04394    0.0438         0
   237/499     3.47G   0.01927   0.01013         0    0.0294        16       448    0.9779    0.7749    0.9652    0.5636   0.03583   0.03259         0
   238/499     3.47G   0.01856  0.009814         0   0.02838        16       448    0.9618    0.9875    0.9937     0.585   0.02997   0.01525         0
   239/499     3.47G   0.01918  0.009794         0   0.02897        16       448    0.8454    0.9674    0.9836    0.5521   0.03483    0.0176         0
   240/499     3.47G   0.01674  0.009226         0   0.02596        16       448    0.7339    0.9323    0.9499    0.5266   0.04018   0.01982         0
   241/499     3.47G   0.01559   0.00925         0   0.02484        16       448    0.8023    0.9023    0.9552    0.5565   0.03831   0.02107         0
   242/499     3.47G   0.01771  0.009804         0   0.02751        16       448    0.9175    0.8923    0.9641    0.5331   0.03639   0.02302         0
   243/499     3.47G   0.01733  0.009943         0   0.02727        16       448    0.9394    0.9326    0.9857    0.5942   0.03437   0.01998         0
   244/499     3.47G    0.0179   0.01001         0   0.02791        16       448    0.8985    0.9624    0.9854    0.6685   0.02898    0.0186         0
   245/499     3.47G   0.01618  0.009281         0   0.02547        16       448    0.7816    0.8271    0.9134    0.5357   0.03877   0.02666         0
   246/499     3.47G   0.01842  0.009983         0    0.0284        16       448    0.7583     0.747    0.8811    0.5008    0.0434   0.02789         0
   247/499     3.47G   0.02199   0.01117         0   0.03316        16       448    0.8383    0.9373    0.9723     0.597   0.03493   0.01915         0
   248/499     3.47G   0.02013    0.0105         0   0.03063        16       448    0.9521     0.995    0.9929     0.707   0.02393   0.01454         0
   249/499     3.47G    0.0147  0.008835         0   0.02354        16       448    0.9116    0.9975    0.9925    0.6858   0.02372   0.01669         0
   250/499     3.47G   0.01115  0.007779         0   0.01893        16       448    0.9172         1     0.991    0.7106   0.02271     0.016         0
   251/499     3.47G   0.01015  0.006953         0   0.01711        16       448     0.925         1    0.9926    0.7227    0.0201   0.01313         0
   252/499     3.47G    0.0107  0.007106         0   0.01781        16       448     0.953         1    0.9944    0.7335    0.0201   0.01288         0
   253/499     3.47G   0.01264  0.007802         0   0.02044        16       448    0.9114    0.9975    0.9918    0.6947   0.02263   0.01399         0
   254/499     3.47G   0.01397  0.008229         0    0.0222        16       448    0.8832    0.9749    0.9851    0.6991   0.02341   0.01679         0
   255/499     3.47G   0.01426  0.008248         0   0.02251        16       448    0.8824    0.9782    0.9869    0.7015   0.02312   0.01593         0
   256/499     3.47G   0.01204  0.007529         0   0.01957        16       448    0.8994    0.9373    0.9812     0.658   0.02793   0.02025         0
   257/499     3.47G   0.01261  0.007693         0   0.02031        16       448    0.8972    0.8446     0.951    0.5947   0.03539   0.02804         0
   258/499     3.47G   0.01601  0.008781         0   0.02479        16       448     0.929    0.8194    0.9456    0.5409   0.03779   0.02937         0
   259/499     3.47G   0.02217   0.01104         0   0.03321        16       448    0.9801    0.8649    0.9812    0.6401   0.03106   0.02921         0
   260/499     3.47G   0.02018   0.01026         0   0.03044        16       448    0.9753    0.9975    0.9962    0.6972   0.02277   0.01352         0
   261/499     3.47G    0.0144  0.008663         0   0.02306        16       448    0.9553         1    0.9961    0.7367   0.02047   0.01274         0
   262/499     3.47G   0.01084  0.007249         0   0.01809        16       448    0.9441         1    0.9958    0.7838   0.01926   0.01317         0
   263/499     3.47G   0.01069  0.006896         0   0.01758        16       448    0.9302         1    0.9955    0.7465   0.01988    0.0115         0
   264/499     3.47G   0.01063  0.007145         0   0.01777        16       448    0.9445         1    0.9954    0.7558   0.01854   0.01092         0
   265/499     3.47G  0.009703  0.006459         0   0.01616        16       448    0.9588         1    0.9956    0.7266   0.01927   0.01156         0
   266/499     3.47G   0.01069  0.006941         0   0.01763        16       448    0.9727         1    0.9962     0.748   0.01858   0.01185         0
   267/499     3.47G   0.01194  0.007547         0   0.01949        16       448    0.9805         1    0.9965    0.7443   0.01871   0.01269         0
   268/499     3.47G   0.01202  0.007665         0   0.01968        16       448    0.9715         1    0.9964    0.7612   0.01956   0.01368         0
   269/499     3.47G   0.01084  0.007072         0   0.01791        16       448    0.9813         1    0.9968     0.772   0.01801   0.01175         0
   270/499     3.47G   0.01192  0.007268         0   0.01919        16       448    0.9832         1    0.9969    0.7717   0.01755   0.01108         0
   271/499     3.47G   0.01174   0.00721         0   0.01895        16       448    0.9829         1    0.9968     0.786   0.01729   0.01066         0
   272/499     3.47G   0.01005  0.006144         0    0.0162        16       448    0.9881         1    0.9969    0.8006   0.01625   0.01036         0
   273/499     3.47G   0.01134   0.00657         0   0.01791        16       448    0.9914         1     0.997    0.7773   0.01682   0.01074         0
   274/499     3.47G   0.01155  0.007122         0   0.01867        16       448    0.9925    0.9987     0.997    0.7887   0.01778   0.01139         0
   275/499     3.47G    0.0139  0.007659         0   0.02156        16       448    0.9727    0.9817    0.9963    0.7673   0.01984    0.0152         0
   276/499     3.47G    0.0129  0.007326         0   0.02023        16       448    0.9825    0.9868    0.9967    0.7749   0.01967    0.0145         0
   277/499     3.47G    0.0127  0.007663         0   0.02037        16       448    0.9876     0.998    0.9967    0.7473    0.0191   0.01316         0
   278/499     3.47G   0.01324  0.008626         0   0.02186        16       448    0.9575     0.985    0.9953     0.699   0.02324    0.0155         0
   279/499     3.47G   0.01359  0.008558         0   0.02215        16       448    0.9585     0.985    0.9948    0.7467   0.02291   0.01616         0
   280/499     3.47G   0.01134  0.007226         0   0.01857        16       448    0.9699     0.985    0.9953    0.7614   0.02204   0.01648         0
   281/499     3.47G   0.01025  0.006666         0   0.01692        16       448    0.9741    0.9699     0.991    0.7236   0.02438   0.01897         0
   282/499     3.47G  0.009843  0.006615         0   0.01646        16       448    0.9784    0.9674    0.9885    0.7197   0.02499   0.01842         0
   283/499     3.47G   0.01069  0.006914         0    0.0176        16       448    0.9745    0.9774    0.9938    0.6966   0.02424   0.01698         0
   284/499     3.47G   0.01321  0.008276         0   0.02148        16       448    0.9705    0.9897    0.9966    0.7542   0.02095   0.01397         0
   285/499     3.47G   0.01204  0.007636         0   0.01968        16       448    0.9931         1    0.9972    0.7765   0.01819    0.0117         0
   286/499     3.47G   0.00996  0.006656         0   0.01662        16       448    0.9978         1    0.9971    0.7982    0.0173   0.01128         0
   287/499     3.47G      0.01  0.006642         0   0.01664        16       448    0.9876         1     0.997    0.8134   0.01761   0.01139         0
   288/499     3.47G   0.01124  0.007203         0   0.01844        16       448    0.9853         1     0.997    0.7948   0.01807   0.01138         0
   289/499     3.47G   0.01169   0.00726         0   0.01895        16       448    0.9621    0.9975    0.9968    0.7852   0.01996   0.01217         0
   290/499     3.47G   0.01337   0.00801         0   0.02138        16       448    0.9103    0.9922    0.9949    0.7356   0.02358   0.01347         0
   291/499     3.47G   0.01592   0.00892         0   0.02484        16       448    0.9405    0.9799    0.9949    0.7482   0.02343   0.01496         0
   292/499     3.47G   0.01336  0.007565         0   0.02093        16       448    0.9873    0.9757    0.9969    0.7525   0.02347   0.01874         0
   293/499     3.47G   0.01062  0.006534         0   0.01716        16       448    0.9903     0.985    0.9972    0.7063   0.02323   0.01736         0
   294/499     3.47G   0.01003  0.006432         0   0.01646        16       448    0.9902     0.985    0.9975    0.6909   0.02405    0.0164         0
   295/499     3.47G  0.009198  0.006297         0   0.01549        16       448    0.9925    0.9953    0.9974    0.7155   0.02298   0.01461         0
   296/499     3.47G  0.009343   0.00648         0   0.01582        16       448    0.9901    0.9987    0.9971    0.7145   0.02257   0.01326         0
   297/499     3.47G   0.01007  0.006874         0   0.01694        16       448    0.9829     0.995    0.9967    0.7437   0.02113   0.01212         0
   298/499     3.47G   0.01182  0.007461         0   0.01928        16       448    0.9822         1    0.9967     0.763   0.01861    0.0107         0
   299/499     3.47G   0.01215  0.007432         0   0.01959        16       448    0.9791         1    0.9964    0.7611   0.01718   0.01064         0
   300/499     3.47G   0.01121  0.006992         0    0.0182        16       448    0.9825         1    0.9965    0.7704   0.01738   0.01154         0
   301/499     3.47G   0.01068   0.00682         0    0.0175        16       448    0.9714         1    0.9962    0.7702   0.01736    0.0119         0
   302/499     3.47G   0.01002  0.006739         0   0.01676        16       448    0.9714         1    0.9961    0.7799   0.01691   0.01176         0
   303/499     3.47G   0.01004  0.006845         0   0.01688        16       448    0.9724         1    0.9961    0.7749    0.0183   0.01337         0
   304/499     3.47G   0.01046  0.007006         0   0.01747        16       448    0.9755    0.9971    0.9964    0.7631   0.01923   0.01447         0
   305/499     3.47G   0.01146  0.007087         0   0.01855        16       448    0.9725     0.995    0.9966    0.7529   0.02032   0.01458         0
   306/499     3.47G   0.01267   0.00757         0   0.02024        16       448    0.9516    0.9857    0.9954    0.7095   0.02267   0.01527         0
   307/499     3.47G   0.01438  0.008573         0   0.02295        16       448     0.926    0.9799    0.9938     0.703   0.02464   0.01608         0
   308/499     3.47G   0.01368  0.008221         0   0.02191        16       448    0.9194    0.9726    0.9907    0.7314   0.02485    0.0165         0
   309/499     3.47G   0.01171   0.00737         0   0.01908        16       448    0.9688    0.9875    0.9957    0.7664   0.02073   0.01421         0
   310/499     3.47G  0.009282  0.006343         0   0.01562        16       448    0.9723    0.9925    0.9961    0.7912   0.01851   0.01303         0
   311/499     3.47G  0.007595  0.005533         0   0.01313        16       448    0.9643     0.995     0.996    0.7968   0.01825    0.0127         0
   312/499     3.47G   0.00746  0.005269         0   0.01273        16       448    0.9497         1    0.9956    0.7915   0.01735   0.01186         0
   313/499     3.47G  0.008393  0.005662         0   0.01406        16       448    0.9644         1    0.9958    0.7904    0.0166   0.01106         0
   314/499     3.47G  0.009455  0.006208         0   0.01566        16       448    0.9643    0.9975    0.9956    0.7859   0.01689   0.01132         0
   315/499     3.47G  0.009509  0.006197         0   0.01571        16       448     0.952    0.9975    0.9954    0.7535   0.01876   0.01253         0
   316/499     3.47G   0.01114  0.007055         0    0.0182        16       448    0.9298      0.99    0.9944    0.7268   0.02049   0.01343         0
   317/499     3.47G    0.0133  0.008174         0   0.02147        16       448    0.8885    0.9783    0.9909    0.6672   0.02463   0.01638         0
   318/499     3.47G   0.01497  0.008974         0   0.02394        16       448    0.9138     0.957    0.9868    0.6872   0.02721   0.01888         0
   319/499     3.47G   0.01525  0.008481         0   0.02373        16       448    0.9518    0.9897    0.9947     0.726   0.02245   0.01443         0
   320/499     3.47G   0.01335  0.007635         0   0.02098        16       448    0.9975         1    0.9976    0.8005   0.01711   0.01084         0
   321/499     3.47G   0.00982  0.006324         0   0.01614        16       448    0.9975         1    0.9975    0.8128   0.01546   0.01014         0
   322/499     3.47G  0.006354  0.005099         0   0.01145        16       448    0.9886         1    0.9972    0.8299   0.01469  0.009984         0
   323/499     3.47G  0.005619    0.0046         0   0.01022        16       448    0.9872         1    0.9968    0.8288     0.015  0.009783         0
   324/499     3.47G  0.006572  0.004787         0   0.01136        16       448    0.9879         1    0.9967    0.8237   0.01496  0.009564         0
   325/499     3.47G  0.007073   0.00508         0   0.01215        16       448     0.987         1    0.9967    0.8193   0.01471  0.009248         0
   326/499     3.47G  0.007733  0.005028         0   0.01276        16       448    0.9859         1    0.9967    0.8062   0.01473   0.00952         0
   327/499     3.47G  0.007674  0.005478         0   0.01315        16       448    0.9898         1    0.9967    0.8142    0.0146   0.00965         0
   328/499     3.47G  0.008185  0.005783         0   0.01397        16       448    0.9897         1    0.9967    0.8179   0.01481  0.009788         0
   329/499     3.47G  0.008614  0.005929         0   0.01454        16       448    0.9875         1    0.9966    0.8186   0.01478  0.009701         0
   330/499     3.47G  0.009636  0.006379         0   0.01601        16       448    0.9902         1    0.9966    0.8096   0.01514  0.009769         0
   331/499     3.47G   0.01138  0.006959         0   0.01834        16       448    0.9814         1    0.9965    0.7894   0.01632   0.01051         0
   332/499     3.47G   0.01202  0.007093         0   0.01912        16       448    0.9522     0.995    0.9962    0.7422   0.01995   0.01246         0
   333/499     3.47G   0.01449  0.008456         0   0.02294        16       448    0.9434    0.9774    0.9937    0.6836   0.02535   0.01738         0
   334/499     3.47G   0.01561   0.00884         0   0.02445        16       448    0.9437    0.8828    0.9711    0.6433    0.0311   0.02687         0
   335/499     3.47G   0.01177  0.007048         0   0.01882        16       448    0.9675    0.9691    0.9938    0.7316   0.02266   0.01817         0
   336/499     3.47G  0.007095  0.005367         0   0.01246        16       448    0.9828     0.995    0.9967    0.8052    0.0162   0.01218         0
   337/499     3.47G  0.005491  0.004626         0   0.01012        16       448    0.9751         1    0.9964    0.8366   0.01358  0.009928         0
   338/499     3.47G  0.005515  0.004377         0  0.009892        16       448    0.9732         1    0.9964    0.8498   0.01288  0.009279         0
   339/499     3.47G  0.006164  0.004549         0   0.01071        16       448    0.9799         1    0.9965    0.8661   0.01199  0.008658         0
   340/499     3.47G   0.00599  0.004596         0   0.01059        16       448    0.9859         1    0.9966    0.8636    0.0123  0.008518         0
   341/499     3.47G   0.00624  0.004725         0   0.01097        16       448    0.9878         1    0.9968    0.8662   0.01216  0.008433         0
   342/499     3.47G  0.006683  0.004833         0   0.01152        16       448    0.9857         1    0.9967    0.8553    0.0128  0.008804         0
   343/499     3.47G  0.007627  0.005243         0   0.01287        16       448    0.9857         1    0.9968    0.8412   0.01339   0.00914         0
   344/499     3.47G  0.009367  0.006053         0   0.01542        16       448    0.9869         1    0.9967    0.8371   0.01395  0.009492         0
   345/499     3.47G   0.00981  0.006288         0    0.0161        16       448    0.9884         1    0.9967    0.8095   0.01561   0.01028         0
   346/499     3.47G   0.01064  0.006608         0   0.01725        16       448    0.9871         1    0.9969    0.7635   0.01814   0.01141         0
   347/499     3.47G   0.01041  0.006573         0   0.01698        16       448    0.9778    0.9948    0.9965    0.7677   0.01867   0.01222         0
   348/499     3.47G  0.009152  0.005885         0   0.01504        16       448    0.9746    0.9875    0.9966    0.7241   0.02055   0.01402         0
   349/499     3.47G  0.009253  0.006162         0   0.01542        16       448    0.9726     0.978    0.9961    0.7404   0.02177   0.01683         0
   350/499     3.47G  0.008251  0.005679         0   0.01393        16       448    0.9799    0.9773     0.996    0.7469   0.02139   0.01715         0
   351/499     3.47G  0.006586  0.004913         0    0.0115        16       448    0.9833    0.9925    0.9967    0.7863   0.01784   0.01299         0
   352/499     3.47G  0.005421  0.004341         0  0.009763        16       448    0.9866         1    0.9969    0.8216   0.01477   0.01033         0
   353/499     3.47G  0.005587  0.004272         0  0.009859        16       448    0.9837         1    0.9967    0.8258   0.01447  0.009985         0
   354/499     3.47G  0.006218  0.004529         0   0.01075        16       448    0.9795         1    0.9966    0.8044   0.01596   0.01058         0
   355/499     3.47G  0.009064  0.005717         0   0.01478        16       448    0.9783         1    0.9969    0.8153   0.01546    0.0103         0
   356/499     3.47G   0.01023  0.006674         0    0.0169        16       448    0.9838         1     0.997     0.823   0.01479  0.009832         0
   357/499     3.47G   0.01111  0.006889         0     0.018        16       448    0.9964         1    0.9973     0.816   0.01591   0.01061         0
   358/499     3.47G   0.01121  0.006888         0    0.0181        16       448    0.9896         1    0.9972    0.7823   0.01936   0.01257         0
   359/499     3.47G  0.008551    0.0056         0   0.01415        16       448     0.985         1    0.9968    0.8051   0.01755   0.01133         0
   360/499     3.47G  0.006682  0.004934         0   0.01162        16       448    0.9803    0.9983    0.9968    0.8248   0.01646   0.01083         0
   361/499     3.47G  0.005804  0.004298         0    0.0101        16       448    0.9803    0.9968    0.9969    0.8259   0.01609   0.01055         0
   362/499     3.47G   0.00545  0.004206         0  0.009656        16       448    0.9823         1     0.997    0.8224   0.01583   0.01028         0
   363/499     3.47G  0.006081  0.004524         0   0.01061        16       448    0.9825         1     0.997    0.8066   0.01591   0.01019         0
   364/499     3.47G  0.007939  0.005645         0   0.01358        16       448    0.9874         1     0.997    0.7978   0.01604   0.01034         0
   365/499     3.47G   0.00751  0.005379         0   0.01289        16       448    0.9876    0.9955    0.9968    0.7806   0.01689   0.01147         0
   366/499     3.47G  0.006271  0.004662         0   0.01093        16       448    0.9851    0.9927    0.9967    0.7643   0.01837   0.01322         0
   367/499     3.47G  0.006646  0.004739         0   0.01138        16       448    0.9875     0.992    0.9965    0.7652   0.01885   0.01394         0
   368/499     3.47G  0.007513  0.005132         0   0.01264        16       448    0.9835    0.9925    0.9965    0.7608   0.01895   0.01383         0
   369/499     3.47G  0.009193  0.006054         0   0.01525        16       448     0.984    0.9975    0.9972    0.7944   0.01741   0.01235         0
   370/499     3.47G   0.01127  0.006943         0   0.01821        16       448    0.9762         1    0.9972      0.83   0.01401   0.01019         0
   371/499     3.47G  0.008717  0.005765         0   0.01448        16       448    0.9863         1    0.9972    0.8339    0.0143   0.01053         0
   372/499     3.47G  0.006548   0.00487         0   0.01142        16       448    0.9885         1    0.9971    0.8127   0.01638   0.01152         0
   373/499     3.47G  0.005608  0.004533         0   0.01014        16       448    0.9814         1    0.9967    0.8179   0.01666   0.01135         0
   374/499     3.47G  0.005252  0.004255         0  0.009508        16       448    0.9789         1    0.9968    0.8243   0.01668   0.01128         0
   375/499     3.47G  0.005193  0.004225         0  0.009418        16       448    0.9803    0.9954    0.9968    0.8276   0.01644   0.01105         0
   376/499     3.47G  0.006868  0.005162         0   0.01203        16       448    0.9827    0.9985    0.9969     0.817   0.01668   0.01087         0
   377/499     3.47G  0.009978  0.006876         0   0.01685        16       448    0.9902         1    0.9971     0.808   0.01577   0.01027         0
   378/499     3.47G    0.0078  0.005607         0   0.01341        16       448    0.9881         1    0.9971    0.8138   0.01486  0.009849         0
   379/499     3.47G  0.005916   0.00468         0    0.0106        16       448    0.9883    0.9975    0.9972    0.7993    0.0154   0.01054         0
   380/499     3.47G  0.005792  0.004519         0   0.01031        16       448    0.9885    0.9975    0.9971     0.798   0.01572   0.01085         0
   381/499     3.47G  0.006246  0.004619         0   0.01087        16       448    0.9901    0.9975     0.997    0.7942   0.01603   0.01131         0
   382/499     3.47G  0.007094  0.005279         0   0.01237        16       448    0.9897    0.9975     0.997    0.8019   0.01616    0.0118         0
   383/499     3.47G  0.008678  0.006128         0   0.01481        16       448     0.989     0.995    0.9971    0.8179   0.01537   0.01189         0
   384/499     3.47G  0.007035  0.005145         0   0.01218        16       448    0.9821    0.9975    0.9972    0.8345   0.01453    0.0115         0
   385/499     3.47G  0.006382  0.004825         0   0.01121        16       448    0.9803    0.9979    0.9972     0.836   0.01407   0.01102         0
   386/499     3.47G  0.005697  0.004397         0   0.01009        16       448    0.9827    0.9987     0.997    0.8226   0.01463   0.01079         0
   387/499     3.47G  0.005864  0.004392         0   0.01026        16       448    0.9828    0.9975     0.997    0.7989   0.01596    0.0111         0
   388/499     3.47G  0.006629  0.004951         0   0.01158        16       448    0.9803    0.9975    0.9969    0.8031    0.0172   0.01179         0
   389/499     3.47G  0.007689  0.005601         0   0.01329        16       448    0.9802    0.9934    0.9969    0.8005   0.01804   0.01241         0
   390/499     3.47G  0.007895  0.005862         0   0.01376        16       448    0.9826    0.9923    0.9968    0.8126   0.01778   0.01208         0
   391/499     3.47G  0.006513  0.005073         0   0.01159        16       448    0.9876    0.9966    0.9972    0.8159   0.01643   0.01092         0
   392/499     3.47G  0.005194  0.004285         0  0.009479        16       448    0.9898         1    0.9973    0.8299   0.01532  0.009993         0
   393/499     3.47G  0.004675  0.003846         0   0.00852        16       448    0.9914         1    0.9972    0.8312   0.01465  0.009425         0
   394/499     3.47G   0.00455  0.003747         0  0.008297        16       448    0.9926         1    0.9971    0.8332   0.01411  0.009018         0
   395/499     3.47G  0.004677  0.003653         0   0.00833        16       448    0.9923         1    0.9971    0.8295    0.0139  0.008959         0
   396/499     3.47G  0.005427  0.003907         0  0.009335        16       448    0.9923         1    0.9971    0.8352   0.01327  0.008811         0
   397/499     3.47G  0.005131  0.003908         0  0.009038        16       448    0.9909         1     0.997    0.8276   0.01354  0.009188         0
   398/499     3.47G  0.006767  0.005047         0   0.01181        16       448    0.9901    0.9996     0.997    0.8272   0.01378  0.009679         0
   399/499     3.47G  0.007074  0.004975         0   0.01205        16       448    0.9875    0.9938    0.9971    0.8232   0.01431   0.01057         0
   400/499     3.47G  0.006443  0.004267         0   0.01071        16       448    0.9878    0.9925    0.9971    0.8146   0.01492   0.01137         0
   401/499     3.47G  0.007107  0.004641         0   0.01175        16       448     0.983    0.9925    0.9971    0.8135   0.01504    0.0115         0
   402/499     3.47G  0.007257   0.00501         0   0.01227        16       448    0.9777    0.9887    0.9967    0.8099   0.01542   0.01143         0
   403/499     3.47G   0.00713  0.004997         0   0.01213        16       448    0.9752     0.985    0.9968    0.8112    0.0157   0.01124         0
   404/499     3.47G  0.006117  0.004281         0    0.0104        16       448    0.9778    0.9923    0.9971    0.8029   0.01598   0.01091         0
   405/499     3.47G   0.00594  0.004326         0   0.01027        16       448    0.9842     0.995    0.9971    0.8004   0.01615   0.01065         0
   406/499     3.47G  0.006118  0.004568         0   0.01069        16       448    0.9832     0.995     0.997     0.801   0.01624   0.01062         0
   407/499     3.47G  0.005961  0.004459         0   0.01042        16       448    0.9852    0.9985     0.997    0.8099   0.01637   0.01074         0
   408/499     3.47G  0.005128  0.003951         0  0.009079        16       448     0.985         1     0.997    0.8094   0.01654   0.01073         0
   409/499     3.47G   0.00486  0.003764         0  0.008624        16       448    0.9847         1    0.9971    0.8158     0.016   0.01032         0
   410/499     3.47G   0.00475  0.003551         0  0.008302        16       448    0.9871         1    0.9972    0.8175   0.01527  0.009729         0
   411/499     3.47G  0.004711  0.003524         0  0.008235        16       448    0.9894         1    0.9973    0.8274   0.01435  0.009152         0
   412/499     3.47G   0.00529  0.003794         0  0.009084        16       448    0.9925         1    0.9973    0.8409   0.01327   0.00861         0
   413/499     3.47G  0.006431  0.004317         0   0.01075        16       448    0.9931         1    0.9973    0.8433   0.01278  0.008437         0
   414/499     3.47G  0.008002  0.005161         0   0.01316        16       448    0.9931         1    0.9973    0.8414   0.01288  0.008634         0
   415/499     3.47G  0.007544  0.005184         0   0.01273        16       448    0.9925    0.9962    0.9973    0.8267   0.01358   0.00956         0
   416/499     3.47G  0.005526  0.004314         0  0.009841        16       448    0.9875    0.9902    0.9973    0.8224    0.0148   0.01092         0
   417/499     3.47G  0.004599  0.003815         0  0.008414        16       448    0.9875    0.9889    0.9972    0.8113   0.01549   0.01132         0
   418/499     3.47G  0.004401  0.003633         0  0.008034        16       448     0.985    0.9875     0.997    0.8137   0.01572   0.01108         0
   419/499     3.47G  0.004399  0.003637         0  0.008036        16       448    0.9802     0.992     0.997    0.8072   0.01586   0.01091         0
   420/499     3.47G  0.004586  0.003814         0    0.0084        16       448    0.9802    0.9923    0.9969    0.8121   0.01571   0.01067         0
   421/499     3.47G  0.004494  0.003783         0  0.008277        16       448    0.9831     0.995     0.997    0.8119   0.01555   0.01047         0
   422/499     3.47G  0.004059  0.003392         0   0.00745        16       448    0.9828     0.995     0.997    0.8131   0.01545   0.01021         0
   423/499     3.47G  0.003959  0.003395         0  0.007354        16       448     0.982     0.995     0.997    0.8096   0.01561   0.01014         0
   424/499     3.47G  0.003639   0.00319         0  0.006829        16       448    0.9784     0.995    0.9968    0.8115    0.0153  0.009848         0
   425/499     3.47G   0.00413   0.00344         0  0.007569        16       448    0.9804     0.995    0.9968     0.813   0.01523  0.009673         0
   426/499     3.47G  0.004864  0.003763         0  0.008627        16       448    0.9834     0.995    0.9969    0.8177   0.01488  0.009459         0
   427/499     3.47G  0.005404  0.003998         0  0.009402        16       448    0.9876     0.998    0.9969    0.8213   0.01452  0.009285         0
   428/499     3.47G  0.005473  0.003851         0  0.009324        16       448    0.9871         1     0.997    0.8239   0.01407  0.009101         0
   429/499     3.47G  0.005775  0.004197         0  0.009972        16       448    0.9892         1    0.9971    0.8327   0.01341  0.008709         0
   430/499     3.47G  0.005783  0.004317         0    0.0101        16       448    0.9889         1    0.9972    0.8346   0.01304  0.008522         0
   431/499     3.47G  0.006342  0.004663         0     0.011        16       448    0.9906         1    0.9972    0.8393   0.01285  0.008511         0
   432/499     3.47G  0.006126  0.004509         0   0.01063        16       448    0.9933         1    0.9973     0.837   0.01308  0.008737         0
   433/499     3.47G  0.005107   0.00379         0  0.008897        16       448    0.9925    0.9988    0.9972    0.8281    0.0136  0.009265         0
   434/499     3.47G  0.004112  0.003291         0  0.007404        16       448    0.9907    0.9925    0.9973    0.8255   0.01433  0.009861         0
   435/499     3.47G  0.003755  0.003168         0  0.006923        16       448      0.99    0.9894    0.9972     0.813   0.01505   0.01033         0
   436/499     3.47G  0.003716  0.003114         0  0.006831        16       448    0.9868    0.9875    0.9972    0.8066    0.0157   0.01072         0
   437/499     3.47G  0.003801  0.003165         0  0.006966        16       448    0.9875    0.9865    0.9972    0.8034   0.01631   0.01102         0
   438/499     3.47G  0.004499  0.003701         0  0.008199        16       448    0.9857     0.985    0.9972    0.8027   0.01666   0.01113         0
   439/499     3.47G  0.006036  0.004607         0   0.01064        16       448    0.9826    0.9888    0.9971    0.8106    0.0161   0.01063         0
   440/499     3.47G   0.00615  0.004452         0    0.0106        16       448    0.9827    0.9941    0.9971    0.8124   0.01535   0.01011         0
   441/499     3.47G  0.005224  0.003889         0  0.009113        16       448    0.9851    0.9963     0.997    0.8226   0.01464  0.009621         0
   442/499     3.47G  0.004277  0.003462         0  0.007739        16       448    0.9876    0.9988     0.997    0.8263   0.01412  0.009332         0
   443/499     3.47G  0.003534  0.002965         0  0.006499        16       448    0.9871         1     0.997    0.8307   0.01364   0.00908         0
   444/499     3.47G  0.003359  0.002815         0  0.006174        16       448    0.9866         1    0.9969    0.8341   0.01336   0.00888         0
   445/499     3.47G  0.003193   0.00265         0  0.005843        16       448    0.9864         1     0.997    0.8376   0.01306  0.008665         0
   446/499     3.47G  0.003292  0.002701         0  0.005993        16       448    0.9887         1     0.997    0.8423   0.01268  0.008406         0
   447/499     3.47G  0.003542  0.002938         0   0.00648        16       448    0.9884         1     0.997    0.8454   0.01234  0.008179         0
   448/499     3.47G  0.004647  0.003627         0  0.008274        16       448    0.9882         1     0.997    0.8435   0.01226   0.00814         0
   449/499     3.47G  0.005879  0.004362         0   0.01024        16       448    0.9893         1     0.997    0.8342   0.01258  0.008345         0
   450/499     3.47G  0.005179  0.003969         0  0.009149        16       448    0.9893         1    0.9971    0.8363   0.01285  0.008503         0
   451/499     3.47G  0.004275  0.003415         0   0.00769        16       448    0.9875         1     0.997    0.8274   0.01324  0.008781         0
   452/499     3.47G  0.003677  0.003056         0  0.006733        16       448    0.9876    0.9987    0.9972    0.8238    0.0136  0.008976         0
   453/499     3.47G  0.003538  0.002935         0  0.006474        16       448    0.9876     0.998    0.9971    0.8249   0.01376  0.009063         0
   454/499     3.47G  0.003422   0.00288         0  0.006302        16       448    0.9876    0.9973    0.9972     0.823   0.01404  0.009232         0
   455/499     3.47G  0.003501  0.002915         0  0.006416        16       448    0.9899     0.995    0.9971    0.8183    0.0145   0.00954         0
   456/499     3.47G  0.004009  0.003364         0  0.007373        16       448    0.9836    0.9925    0.9971    0.8196   0.01477  0.009804         0
   457/499     3.47G  0.004388  0.003576         0  0.007964        16       448    0.9875    0.9918    0.9971    0.8109   0.01537   0.01026         0
   458/499     3.47G  0.005085  0.004069         0  0.009154        16       448    0.9837      0.99    0.9971    0.8092   0.01547   0.01041         0
   459/499     3.47G  0.004973  0.003935         0  0.008908        16       448    0.9826    0.9919    0.9971    0.8176   0.01505   0.01011         0
   460/499     3.47G   0.00427  0.003402         0  0.007672        16       448    0.9827    0.9956    0.9971    0.8206   0.01442  0.009707         0
   461/499     3.47G  0.003791  0.003096         0  0.006887        16       448    0.9876    0.9971    0.9971     0.826   0.01393    0.0094         0
   462/499     3.47G  0.003065  0.002634         0  0.005699        16       448    0.9875         1     0.997    0.8326   0.01345    0.0091         0
   463/499     3.47G  0.002675  0.002397         0  0.005072        16       448    0.9868         1    0.9969    0.8314   0.01322  0.008932         0
   464/499     3.47G  0.002622  0.002315         0  0.004937        16       448    0.9864         1    0.9968    0.8311   0.01313  0.008837         0
   465/499     3.47G  0.002696  0.002409         0  0.005105        16       448     0.986         1    0.9968    0.8327   0.01301  0.008725         0
   466/499     3.47G  0.003294  0.002854         0  0.006148        16       448    0.9858         1    0.9968    0.8357   0.01287  0.008625         0
   467/499     3.47G  0.003724  0.003121         0  0.006845        16       448    0.9857         1    0.9968    0.8394   0.01267  0.008451         0
   468/499     3.47G  0.003891    0.0032         0   0.00709        16       448    0.9858         1    0.9969     0.839   0.01244  0.008319         0
   469/499     3.47G  0.003761  0.003092         0  0.006853        16       448    0.9858         1    0.9969    0.8407   0.01244  0.008317         0
   470/499     3.47G  0.004073  0.003388         0  0.007462        16       448    0.9858         1    0.9969    0.8382   0.01238  0.008286         0
   471/499     3.47G  0.004069  0.003252         0  0.007321        16       448    0.9864         1     0.997    0.8379   0.01266  0.008402         0
   472/499     3.47G  0.004051  0.003227         0  0.007278        16       448    0.9879         1     0.997    0.8329     0.013  0.008571         0
   473/499     3.47G  0.004211  0.003284         0  0.007495        16       448    0.9889         1    0.9971    0.8265   0.01336  0.008792         0
   474/499     3.47G  0.004165  0.003296         0  0.007461        16       448    0.9898         1    0.9971    0.8237   0.01363  0.008935         0
   475/499     3.47G  0.004052  0.003152         0  0.007205        16       448    0.9876    0.9976    0.9971     0.827   0.01384  0.009037         0
   476/499     3.47G  0.004424  0.003429         0  0.007853        16       448    0.9876    0.9966    0.9972    0.8269   0.01396  0.009125         0
   477/499     3.47G  0.004524  0.003679         0  0.008204        16       448    0.9876     0.995    0.9972    0.8276   0.01398  0.009164         0
   478/499     3.47G  0.004353  0.003609         0  0.007962        16       448    0.9875    0.9933    0.9971     0.828    0.0139  0.009198         0
   479/499     3.47G  0.003682   0.00319         0  0.006872        16       448    0.9875    0.9939    0.9971    0.8291   0.01388  0.009233         0
   480/499     3.47G  0.003301  0.002936         0  0.006237        16       448      0.99    0.9957    0.9971    0.8277   0.01379  0.009218         0
   481/499     3.47G  0.002826  0.002583         0   0.00541        16       448    0.9852    0.9985     0.997    0.8301   0.01355  0.009096         0
   482/499     3.47G  0.002632  0.002456         0  0.005088        16       448    0.9867         1     0.997    0.8315   0.01331  0.008938         0
   483/499     3.47G  0.002728  0.002465         0  0.005194        16       448    0.9861         1    0.9969    0.8355   0.01306  0.008774         0
   484/499     3.47G  0.002894  0.002531         0  0.005425        16       448    0.9858         1    0.9968    0.8371   0.01287  0.008616         0
   485/499     3.47G   0.00312  0.002638         0  0.005758        16       448    0.9857         1    0.9968    0.8426    0.0128  0.008547         0
   486/499     3.47G  0.003648  0.003091         0  0.006739        16       448    0.9857         1    0.9968    0.8394   0.01273  0.008518         0
   487/499     3.47G  0.003933  0.003169         0  0.007103        16       448    0.9858         1    0.9968    0.8403   0.01279  0.008591         0
   488/499     3.47G  0.004166  0.003282         0  0.007448        16       448    0.9858         1    0.9968    0.8384   0.01267  0.008547         0
   489/499     3.47G  0.004047  0.003237         0  0.007284        16       448    0.9858         1    0.9969    0.8388   0.01262  0.008519         0
   490/499     3.47G  0.003701  0.003093         0  0.006794        16       448    0.9858         1    0.9969    0.8386   0.01261  0.008451         0
   491/499     3.47G  0.003713  0.003165         0  0.006878        16       448    0.9858         1    0.9969    0.8334   0.01263  0.008422         0
   492/499     3.47G  0.003534  0.002959         0  0.006492        16       448     0.986         1     0.997    0.8305   0.01276   0.00846         0
   493/499     3.47G  0.003561  0.002899         0   0.00646        16       448    0.9866         1     0.997    0.8268   0.01301  0.008596         0
   494/499     3.47G  0.003335  0.002771         0  0.006106        16       448    0.9878         1     0.997    0.8252   0.01325  0.008707         0
   495/499     3.47G  0.003471  0.002908         0  0.006379        16       448    0.9869         1     0.997    0.8318   0.01347  0.008802         0
   496/499     3.47G  0.003997  0.003214         0  0.007212        16       448    0.9876    0.9994    0.9971    0.8343   0.01354  0.008829         0
   497/499     3.47G  0.003506  0.002901         0  0.006407        16       448    0.9901    0.9979    0.9971    0.8332   0.01351   0.00884         0
   498/499     3.47G  0.003307   0.00282         0  0.006127        16       448      0.99    0.9972    0.9971    0.8346   0.01346  0.008862         0
   499/499     3.47G  0.003445  0.002949         0  0.006393        16       448      0.99    0.9973    0.9971    0.8355   0.01341  0.008887         0
