     0/499    0.294G    0.1258   0.08749         0    0.2133         8       448         0         0         0         0         0         0         0
     1/499      4.3G    0.1206   0.05452         0    0.1752         8       448         0         0         0         0         0         0         0
     2/499      4.3G    0.1129   0.04091         0    0.1538         8       448         0         0         0         0         0         0         0
     3/499      4.3G     0.108   0.04103         0     0.149         8       448         0         0 3.343e-05 5.015e-06    0.1076   0.03761         0
     4/499     4.09G     0.104   0.04378         0    0.1478         8       448         0         0 3.343e-05 6.686e-06    0.1074   0.03726         0
     5/499     5.12G    0.1015   0.04638         0    0.1479         8       448         0         0 6.723e-05 1.177e-05    0.1068   0.03734         0
     6/499     5.12G   0.09844   0.04818         0    0.1466         8       448         0         0 3.337e-05 8.343e-06    0.1063   0.03747         0
     7/499     5.12G   0.09688   0.04872         0    0.1456         8       448         0         0 0.0003541 8.222e-05    0.1058   0.03794         0
     8/499     5.12G   0.09562   0.04893         0    0.1445         8       448         0         0 0.0003935 9.811e-05    0.1059     0.038         0
     9/499     5.12G   0.09284   0.05043         0    0.1433         8       448         0         0 0.0002279 4.984e-05    0.1056   0.03782         0
    10/499     5.12G   0.08812   0.05298         0    0.1411         8       448         0         0 0.0005359 0.0001456    0.1055   0.03816         0
    11/499     5.12G   0.08876   0.04967         0    0.1384         8       448         0         0 0.0006333  0.000171    0.1059   0.03789         0
    12/499     5.12G   0.08474   0.05189         0    0.1366         8       448         0         0 0.0002826 5.528e-05    0.1056   0.03769         0
    13/499     5.12G   0.08378    0.0503         0    0.1341         8       448         0         0 0.0003047 4.914e-05    0.1055   0.03737         0
    14/499     5.12G   0.08235   0.04821         0    0.1306         8       448         0         0 0.0007768  0.000205    0.1062   0.03716         0
    15/499     5.12G    0.0805   0.04725         0    0.1277         8       448         0         0  0.001237 0.0002885    0.1066   0.03666         0
    16/499     5.12G    0.0769     0.048         0    0.1249         8       448         0         0  0.001436 0.0003357    0.1062   0.03597         0
    17/499     5.12G   0.08478   0.04136         0    0.1261         8       448         0         0  0.001738 0.0004018    0.1106   0.03284         0
    18/499     5.12G   0.08002   0.04239         0    0.1224         8       448         0         0  0.001627 0.0003951    0.1064   0.03731         0
    19/499     5.12G   0.09088    0.0362         0    0.1271         8       448         0         0   0.00189 0.0004395    0.1064   0.03709         0
    20/499     5.12G   0.09773   0.02999         0    0.1277         8       448         0         0  0.001682 0.0004047    0.1055   0.03896         0
    21/499     5.12G   0.08031   0.04212         0    0.1224         8       448         0         0  0.001764 0.0004161     0.114   0.02939         0
    22/499     5.12G   0.07073   0.04443         0    0.1152         8       448         0         0  0.001715  0.000403    0.1105   0.03431         0
    23/499     5.12G   0.07976   0.03959         0    0.1193         8       448         0         0  0.001824 0.0004271    0.1073   0.03793         0
    24/499     5.12G    0.0957    0.0292         0    0.1249         8       448         0         0  0.001752 0.0004519    0.1076   0.03852         0
    25/499     5.12G   0.08057   0.03794         0    0.1185         8       448         0         0  0.001799 0.0004488    0.1216   0.02118         0
    26/499     5.12G   0.09331   0.02785         0    0.1212         8       448         0         0   0.00175 0.0004372    0.1161   0.02765         0
    27/499     5.12G     0.072   0.04262         0    0.1146         8       448         0         0  0.001942 0.0005087    0.1176    0.0262         0
    28/499     5.12G   0.07464   0.03871         0    0.1134         8       448         0         0  0.001922 0.0004927    0.1206    0.0223         0
    29/499     5.12G    0.0886   0.03113         0    0.1197         8       448         0         0  0.001531 0.0004207    0.1102   0.03571         0
    30/499     5.12G    0.0929   0.02805         0     0.121         8       448         0         0  0.001401 0.0003236    0.1114   0.03289         0
    31/499     5.12G   0.08648   0.03198         0    0.1185         8       448         0         0  0.001453 0.0003501    0.1133   0.03202         0
    32/499     5.12G   0.07023   0.03885         0    0.1091         8       448         0         0  0.001843 0.0004829    0.1166   0.02686         0
    33/499     5.12G   0.07934   0.03111         0    0.1104         8       448         0         0  0.001202 0.0002882    0.1184   0.02631         0
    34/499     5.12G   0.07855   0.03334         0    0.1119         8       448         0         0  0.001336 0.0003315    0.1153   0.02697         0
    35/499     5.12G   0.07206   0.03599         0    0.1081         8       448         0         0  0.002337 0.0005777    0.1218   0.02005         0
    36/499     5.12G   0.08534   0.02953         0    0.1149         8       448         0         0    0.0028 0.0006746    0.1016   0.04788         0
    37/499     5.12G   0.09546   0.02409         0    0.1196         8       448         0         0  0.005726  0.001471   0.09981   0.04939         0
    38/499     5.12G   0.08145   0.03497         0    0.1164         8       448         0         0  0.007498  0.001471    0.1075   0.03584         0
    39/499     5.12G   0.07069   0.03713         0    0.1078         8       448         0         0  0.003799  0.001044    0.1025   0.04106         0
    40/499     5.12G   0.07568   0.03212         0    0.1078         8       448         0         0  0.007386  0.001634    0.1057   0.03488         0
    41/499     5.12G    0.0738   0.03135         0    0.1051         8       448         0         0  0.004765  0.001038    0.1086   0.03102         0
    42/499     5.12G   0.06975   0.03242         0    0.1022         8       448         0         0   0.00883  0.002179    0.1023   0.03576         0
    43/499     5.12G   0.07982   0.02912         0    0.1089         8       448         0         0  0.005214    0.0012    0.1059   0.03488         0
    44/499     5.12G   0.07159   0.03292         0    0.1045         8       448         0         0   0.01027  0.002328    0.1105   0.02583         0
    45/499     5.12G   0.08142   0.02727         0    0.1087         8       448         0         0  0.006658  0.001449     0.101   0.04132         0
    46/499     5.12G   0.08104   0.02844         0    0.1095         8       448         0         0  0.007675  0.001866   0.09645   0.04368         0
    47/499     5.12G   0.06499   0.03403         0   0.09902         8       448         0         0     0.012  0.002823    0.1048   0.02805         0
    48/499     5.12G   0.07139   0.03146         0    0.1028         8       448         0         0  0.006512  0.001487    0.1002   0.03618         0
    49/499     5.12G   0.07259   0.03171         0    0.1043         8       448         0         0   0.06011   0.01484   0.09505   0.03595         0
    50/499     5.12G   0.06845   0.03203         0    0.1005         8       448         0         0   0.04029  0.008094    0.0976   0.03858         0
    51/499     5.12G   0.06939   0.02852         0   0.09791         8       448         0         0  0.005856  0.001474     0.105   0.03229         0
    52/499     5.12G   0.09473   0.01995         0    0.1147         8       448         0         0  0.005962  0.001257    0.1072   0.02832         0
    53/499     5.12G   0.09002   0.01962         0    0.1096         8       448         0         0   0.01369  0.003156    0.1025   0.02978         0
    54/499     5.12G    0.0895   0.02133         0    0.1108         8       448         0         0   0.03315  0.008011   0.09419    0.0397         0
    55/499     5.12G   0.08189   0.02753         0    0.1094         8       448     0.213      0.01   0.06248   0.01535    0.0866   0.04897         0
    56/499     5.12G   0.07812   0.02763         0    0.1057         8       448         0         0   0.04247  0.009259    0.1032   0.02999         0
    57/499     5.12G   0.06944   0.03142         0    0.1009         8       448   0.08146      0.03     0.151   0.04102   0.07601   0.04176         0
    58/499     5.12G   0.06173   0.03273         0   0.09446         8       448    0.1698     0.095    0.1652   0.04292   0.07549   0.03631         0
    59/499     5.12G   0.06608   0.02776         0   0.09384         8       448    0.2502      0.13    0.1653   0.02885   0.08232   0.03717         0
    60/499     5.12G   0.06814   0.02688         0   0.09502         8       448    0.1017     0.005   0.06885   0.01091   0.09616   0.04175         0
    61/499     5.12G   0.07281   0.02869         0    0.1015         8       448         0         0   0.03222  0.006306    0.1016   0.03431         0
    62/499     5.12G   0.06215   0.02954         0    0.0917         8       448   0.02457     0.015   0.09844   0.02229   0.08483   0.03538         0
    63/499     5.12G   0.06475   0.02654         0   0.09129         8       448     0.225     0.265    0.1702   0.02659   0.08698   0.03286         0
    64/499     5.12G    0.0663   0.02665         0   0.09295         8       448    0.2872    0.1713    0.3004   0.06369   0.07331   0.03688         0
    65/499     5.12G   0.06816   0.02579         0   0.09395         8       448         1     0.005    0.4161    0.1101   0.07865   0.05508         0
    66/499     5.12G   0.06463   0.02768         0   0.09232         8       448    0.2525    0.2145    0.1135   0.02309   0.08608   0.04367         0
    67/499     5.12G   0.06618   0.02538         0   0.09156         8       448         0         0   0.03413  0.007156    0.1074   0.02557         0
    68/499     5.12G   0.06877   0.02552         0   0.09429         8       448    0.4647   0.06947    0.1968   0.05057   0.08817   0.04015         0
    69/499     5.12G   0.05641   0.02549         0    0.0819         8       448     0.404     0.285    0.2247    0.0509   0.08285    0.0373         0
    70/499     5.12G   0.05915   0.02522         0   0.08436         8       448    0.2112     0.105    0.1604   0.04597   0.09317   0.02733         0
    71/499     5.12G   0.06476   0.02495         0    0.0897         8       448    0.2029     0.065    0.2056   0.05388    0.0788   0.03521         0
    72/499     5.12G   0.05734   0.02493         0   0.08227         8       448     0.533      0.38    0.3343    0.1026   0.08366   0.03638         0
    73/499     5.12G   0.06255   0.02497         0   0.08753         8       448    0.2003     0.135    0.1178   0.02786    0.1015   0.02854         0
    74/499     5.12G   0.06785   0.02469         0   0.09254         8       448    0.7314     0.305    0.4335      0.13   0.07386   0.04301         0
    75/499     5.12G   0.04941   0.02463         0   0.07404         8       448    0.3626       0.3    0.2991   0.06291   0.08275   0.03503         0
    76/499     5.12G   0.06485   0.02339         0   0.08825         8       448    0.2873   0.06854    0.1987    0.0417   0.08733   0.03674         0
    77/499     5.12G   0.06798   0.02419         0   0.09217         8       448    0.4543     0.395    0.4014    0.1151   0.07285   0.03807         0
    78/499     5.12G   0.05653   0.02639         0   0.08291         8       448    0.2045     0.555      0.18   0.04175    0.0836   0.02583         0
    79/499     5.12G   0.05732   0.02402         0   0.08133         8       448    0.7226     0.385    0.4548    0.1806    0.0724   0.04045         0
    80/499     5.12G   0.05239   0.02307         0   0.07546         8       448    0.2763     0.555    0.2963   0.05862   0.07544   0.02798         0
    81/499     5.12G   0.06487   0.02307         0   0.08794         8       448    0.3227     0.245    0.2195   0.07167   0.08633   0.03359         0
    82/499     5.12G   0.07859   0.02082         0    0.0994         8       448    0.5772     0.245    0.3437    0.1153   0.08525    0.0399         0
    83/499     5.12G   0.06671   0.02408         0   0.09079         8       448    0.4002     0.465    0.3377   0.08057   0.07124   0.03901         0
    84/499     5.12G   0.05674   0.02341         0   0.08015         8       448    0.1985     0.605    0.2528   0.05271    0.0771   0.02658         0
    85/499     5.12G   0.06086   0.02254         0    0.0834         8       448    0.3369    0.4242    0.2686   0.06821   0.07676   0.03218         0
    86/499     5.12G   0.06464   0.02757         0   0.09222         8       448     0.826    0.1899    0.3946    0.1256   0.08413   0.03324         0
    87/499     5.12G   0.05702    0.0268         0   0.08382         8       448    0.1997       0.2    0.1455    0.0393   0.08259   0.03648         0
    88/499     5.12G   0.05398   0.02285         0   0.07683         8       448   0.07213     0.015    0.1792   0.04499   0.08733   0.03575         0
    89/499     5.12G   0.05332    0.0236         0   0.07692         8       448    0.0343     0.005   0.05596   0.01265   0.09385   0.04102         0
    90/499     5.12G   0.06614   0.02327         0   0.08942         8       448    0.4875   0.01437    0.1772    0.0472   0.09987   0.03722         0
    91/499     5.12G   0.05111   0.02539         0    0.0765         8       448    0.2719      0.38    0.2403   0.05279    0.0805   0.03693         0
    92/499     5.12G   0.05599   0.02119         0   0.07718         8       448    0.2317     0.275    0.1406   0.04673   0.09573   0.02648         0
    93/499     5.12G   0.05979   0.02168         0   0.08147         8       448    0.3685      0.47    0.2561   0.05276     0.077   0.04262         0
    94/499     5.12G   0.05905   0.02239         0   0.08144         8       448    0.7532   0.03058    0.2091   0.04491   0.09238   0.05194         0
    95/499     5.12G   0.05384   0.02515         0   0.07899         8       448    0.3229     0.435    0.2207   0.05283   0.08785   0.02761         0
    96/499     5.12G   0.05443   0.02277         0    0.0772         8       448     0.461      0.48    0.4558    0.1217   0.07446   0.03219         0
    97/499     5.12G   0.04798   0.02133         0   0.06931         8       448    0.5442      0.36    0.4672    0.1062   0.06972   0.04191         0
    98/499     5.12G   0.05942   0.02091         0   0.08033         8       448    0.2229     0.275    0.2103   0.04726   0.08643   0.03183         0
    99/499     5.12G    0.0596   0.02133         0   0.08093         8       448    0.4203    0.5185    0.4682   0.09119   0.07115   0.03169         0
   100/499     5.12G   0.04783   0.01998         0    0.0678         8       448    0.6485     0.635    0.6481     0.251   0.05851   0.03565         0
   101/499     5.12G   0.05208   0.02044         0   0.07252         8       448    0.5834     0.465    0.4751   0.09722   0.07444   0.04141         0
   102/499     5.12G   0.05883   0.02161         0   0.08044         8       448    0.3779     0.475    0.3366   0.07925   0.07152   0.03232         0
   103/499     5.12G   0.05359   0.02171         0    0.0753         8       448    0.4237      0.42    0.3852   0.08944   0.07037   0.04272         0
   104/499     5.12G   0.04775   0.02115         0    0.0689         8       448    0.4741     0.385     0.422    0.1251   0.06229   0.04728         0
   105/499     5.12G    0.0489   0.01947         0   0.06837         8       448    0.3369      0.05    0.3104   0.07523   0.08612   0.04017         0
   106/499     5.12G   0.05754   0.02084         0   0.07839         8       448    0.4785    0.1239     0.484    0.1533   0.06936   0.04892         0
   107/499     5.12G   0.05605   0.02045         0   0.07649         8       448    0.6164     0.217    0.4889    0.1321   0.07267   0.04639         0
   108/499     5.12G   0.05154   0.02066         0    0.0722         8       448     0.663     0.285    0.5977    0.1644   0.06682   0.04415         0
   109/499     5.12G   0.04502   0.02086         0   0.06588         8       448    0.4601    0.4602    0.5034    0.1259   0.06425   0.04083         0
   110/499     5.12G   0.04494   0.01918         0   0.06412         8       448    0.3603      0.82    0.3756    0.1165   0.06675   0.02474         0
   111/499     5.12G   0.04746   0.01846         0   0.06591         8       448    0.4249    0.7572    0.5202    0.1034   0.06579   0.02843         0
   112/499     5.12G   0.04882   0.01907         0    0.0679         8       448    0.2816     0.785    0.3463    0.0684   0.06827   0.02736         0
   113/499     5.12G   0.04922   0.01858         0    0.0678         8       448    0.4976      0.82    0.7334    0.2409   0.05628    0.0296         0
   114/499     5.12G   0.04403   0.01819         0   0.06222         8       448     0.388     0.894     0.672    0.2109   0.05752   0.02756         0
   115/499     5.12G   0.04925   0.01892         0   0.06817         8       448     0.511     0.635    0.6214    0.1528    0.0583    0.0373         0
   116/499     5.12G   0.04524   0.01971         0   0.06496         8       448    0.5612      0.73    0.6754    0.1516   0.05562   0.03443         0
   117/499     5.12G   0.04908   0.01828         0   0.06736         8       448    0.3634      0.61    0.3224   0.09826   0.07357   0.03455         0
   118/499     5.12G   0.05514   0.02034         0   0.07548         8       448    0.5795      0.47    0.4865    0.1377   0.07111   0.04166         0
   119/499     5.12G   0.04402   0.02114         0   0.06516         8       448    0.4902     0.685    0.6521    0.2216   0.05655   0.03467         0
   120/499     5.12G   0.04862   0.01861         0   0.06724         8       448    0.2842    0.2779    0.2914   0.07286   0.08375   0.02806         0
   121/499     5.12G   0.05429      0.02         0   0.07429         8       448    0.3204     0.495    0.2729    0.0579   0.07509   0.02799         0
   122/499     5.12G   0.06275   0.01947         0   0.08222         8       448      0.49     0.445    0.3869   0.08875   0.07676   0.03855         0
   123/499     5.12G   0.04787   0.02043         0    0.0683         8       448    0.5608      0.46     0.413   0.08745   0.08337   0.03076         0
   124/499     5.12G   0.03911   0.01759         0    0.0567         8       448    0.5414      0.49    0.4326    0.1613   0.07581   0.03773         0
   125/499     5.12G   0.05059   0.01823         0   0.06882         8       448    0.4477      0.33    0.3722   0.08506   0.08183   0.03495         0
   126/499     5.12G   0.05588    0.0194         0   0.07527         8       448    0.4335     0.815    0.6549    0.1464   0.05767   0.03363         0
   127/499     5.12G   0.04889   0.01864         0   0.06753         8       448    0.4428     0.775    0.4484    0.1664   0.06516   0.03393         0
   128/499     5.12G   0.05273   0.01877         0   0.07149         8       448     0.524     0.535    0.4931    0.1594    0.0673   0.05032         0
   129/499     5.12G   0.04426   0.01885         0   0.06311         8       448    0.5089     0.635    0.6103     0.177   0.05967   0.03804         0
   130/499     5.12G   0.04062   0.01684         0   0.05746         8       448    0.4518     0.614    0.4214    0.1025   0.07124   0.03273         0
   131/499     5.12G   0.04806   0.01776         0   0.06582         8       448    0.4529    0.4635    0.3657   0.05885   0.07979   0.03511         0
   132/499     5.12G   0.05909   0.01859         0   0.07768         8       448    0.5306     0.545    0.5054    0.1317     0.068   0.03622         0
   133/499     5.12G   0.04624   0.01828         0   0.06453         8       448    0.5948    0.6825    0.6946    0.1984   0.06306   0.03058         0
   134/499     5.12G   0.04804   0.01766         0    0.0657         8       448    0.4489     0.725    0.3874    0.1227   0.08159   0.02487         0
   135/499     5.12G   0.06362    0.0197         0   0.08332         8       448    0.6338     0.195    0.4211    0.1133   0.07513     0.051         0
   136/499     5.12G   0.04248   0.02143         0   0.06391         8       448    0.5786      0.68    0.6591    0.2374    0.0563   0.03897         0
   137/499     5.12G   0.03917   0.01657         0   0.05574         8       448    0.7772     0.625     0.744    0.2659   0.05637   0.04384         0
   138/499     5.12G   0.04225   0.01701         0   0.05926         8       448    0.6319      0.54    0.6135    0.1418    0.0643   0.04089         0
   139/499     5.12G    0.0525   0.01846         0   0.07097         8       448    0.5539      0.49    0.4658    0.1826   0.07787   0.03656         0
   140/499     5.12G   0.05126   0.01828         0   0.06954         8       448    0.5266    0.5339    0.5293    0.1237   0.06864    0.0429         0
   141/499     5.12G   0.04296   0.01729         0   0.06025         8       448    0.5805    0.5674    0.6293     0.211   0.06408   0.03963         0
   142/499     5.12G   0.03739   0.01626         0   0.05365         8       448    0.4967     0.595    0.5423    0.1704   0.06369   0.04149         0
   143/499     5.12G   0.04864   0.01766         0   0.06629         8       448    0.5306    0.1978    0.4144    0.1048   0.07287   0.05271         0
   144/499     5.12G     0.057   0.01937         0   0.07637         8       448    0.9528    0.1009    0.6237    0.2516   0.07077   0.06552         0
   145/499     5.12G   0.03628   0.01972         0     0.056         8       448    0.6545      0.61    0.6634    0.2515   0.06246   0.04282         0
   146/499     5.12G   0.03883   0.01583         0   0.05465         8       448    0.6219     0.295    0.4744    0.1035   0.07731   0.04117         0
   147/499     5.12G   0.04169   0.01738         0   0.05908         8       448    0.4763     0.015    0.2759    0.0577   0.08462   0.05447         0
   148/499     5.12G   0.04038   0.01696         0   0.05735         8       448    0.4453    0.3773    0.3721    0.1047   0.08703   0.03054         0
   149/499     5.12G   0.04318   0.01638         0   0.05956         8       448    0.4795      0.23    0.3589   0.08013   0.08791   0.03244         0
   150/499     5.12G    0.0395   0.01643         0   0.05593         8       448    0.5539      0.72    0.7143    0.2827    0.0554   0.03282         0
   151/499     5.12G   0.04417   0.01715         0   0.06132         8       448    0.4373    0.5362    0.5302    0.1313   0.07173   0.02895         0
   152/499     5.12G   0.04418   0.01717         0   0.06134         8       448    0.6597      0.61    0.6733    0.2155   0.06498   0.03771         0
   153/499     5.12G   0.04243   0.01672         0   0.05915         8       448    0.5143     0.785    0.6495    0.1669   0.05686   0.03462         0
   154/499     5.12G   0.04126   0.01655         0   0.05781         8       448    0.4632     0.765    0.5518    0.1685   0.06447   0.02945         0
   155/499     5.12G   0.04832   0.01705         0   0.06537         8       448    0.5349     0.555    0.4778     0.118   0.07008   0.03878         0
   156/499     5.12G   0.04332   0.01772         0   0.06104         8       448    0.5486      0.45    0.5099    0.1683   0.06738   0.04551         0
   157/499     5.12G    0.0439    0.0183         0   0.06221         8       448    0.5592      0.47    0.4943    0.1323   0.06958   0.03885         0
   158/499     5.12G   0.03819   0.01614         0   0.05433         8       448    0.6825     0.485    0.5697    0.2379   0.07112   0.03815         0
   159/499     5.12G   0.03937   0.01578         0   0.05514         8       448    0.5928     0.525    0.5588    0.1663   0.07057   0.03453         0
   160/499     5.12G   0.04022   0.01615         0   0.05637         8       448    0.4522      0.62    0.4915   0.08492   0.07213   0.03085         0
   161/499     5.12G   0.05728   0.01854         0   0.07582         8       448    0.5215     0.505    0.5443    0.1721   0.06926   0.03728         0
   162/499     5.12G   0.03937   0.01923         0   0.05859         8       448    0.6042    0.6182    0.6528    0.2888   0.06403   0.03382         0
   163/499     5.12G   0.03483   0.01595         0   0.05079         8       448    0.7469       0.7    0.7721    0.3089   0.05934   0.03296         0
   164/499     5.12G   0.04092   0.01626         0   0.05718         8       448    0.5386      0.71     0.648    0.1569   0.06439   0.03078         0
   165/499     5.12G   0.04646   0.01725         0   0.06371         8       448    0.6325     0.495     0.561    0.1987   0.07756   0.03216         0
   166/499     5.12G   0.03907   0.01614         0   0.05521         8       448    0.6903     0.365    0.4942    0.1434   0.07754    0.0491         0
   167/499     5.12G   0.03278   0.01527         0   0.04805         8       448    0.6221      0.32    0.4316    0.1245   0.07328   0.05654         0
   168/499     5.12G   0.04586   0.01745         0   0.06331         8       448    0.5933     0.455    0.4862    0.1588   0.06658    0.0566         0
   169/499     5.12G   0.04111   0.01667         0   0.05778         8       448    0.5738      0.51     0.505    0.1608   0.06114   0.05298         0
   170/499     5.12G    0.0372   0.01591         0   0.05311         8       448     0.579     0.725    0.7064     0.325   0.05829   0.03719         0
   171/499     5.12G   0.03938    0.0156         0   0.05498         8       448     0.709      0.69    0.7746    0.3042   0.05516    0.0414         0
   172/499     5.12G   0.03412    0.0155         0   0.04962         8       448    0.6977    0.6578    0.7393    0.2876   0.05402   0.04182         0
   173/499     5.12G   0.03643     0.016         0   0.05243         8       448    0.5282     0.645      0.48    0.1189   0.06504   0.03974         0
   174/499     5.12G   0.04606   0.01725         0   0.06331         8       448    0.8158     0.545    0.6595     0.256   0.06556   0.04315         0
   175/499     5.12G   0.04054   0.01619         0   0.05673         8       448    0.7711      0.63     0.707    0.2736    0.0648   0.03746         0
   176/499     5.12G   0.03513   0.01507         0    0.0502         8       448    0.5969      0.66    0.6708    0.2241   0.06442   0.03568         0
   177/499     5.12G   0.03322   0.01463         0   0.04785         8       448    0.6764     0.835     0.851    0.3832   0.05005   0.03244         0
   178/499     5.12G   0.03558   0.01452         0    0.0501         8       448    0.5256      0.74    0.6009    0.1454   0.06313   0.03203         0
   179/499     5.12G   0.04433   0.01627         0    0.0606         8       448      0.71      0.62    0.6953    0.1924   0.05824   0.03992         0
   180/499     5.12G    0.0333   0.01536         0   0.04865         8       448    0.7276      0.89    0.8752    0.3641   0.04616   0.02833         0
   181/499     5.12G   0.03382   0.01462         0   0.04845         8       448    0.7191     0.865    0.8661    0.3383   0.04535    0.0305         0
   182/499     5.12G   0.03596     0.015         0   0.05097         8       448    0.4353    0.8595    0.5109    0.1328   0.05913   0.02703         0
   183/499     5.12G   0.04207   0.01582         0   0.05788         8       448    0.5837      0.88    0.8296    0.3435   0.04786   0.02967         0
   184/499     5.12G    0.0307   0.01422         0   0.04492         8       448    0.6025      0.87    0.8104    0.3249    0.0497   0.03361         0
   185/499     5.12G   0.03586   0.01484         0   0.05069         8       448    0.6276      0.85    0.7068    0.2329   0.04952   0.03275         0
   186/499     5.12G   0.02871   0.01381         0   0.04252         8       448    0.7939      0.82     0.876    0.4067   0.05014   0.03329         0
   187/499     5.12G   0.03233    0.0141         0   0.04643         8       448    0.6097    0.4843    0.5922     0.232   0.06038     0.052         0
   188/499     5.12G   0.04044   0.01623         0   0.05667         8       448     0.648   0.04609    0.3448   0.07034   0.08013   0.06191         0
   189/499     5.12G   0.04446   0.01721         0   0.06167         8       448    0.6899    0.5339    0.6156     0.294   0.06158   0.04203         0
   190/499     5.12G   0.03411   0.01482         0   0.04893         8       448    0.7073     0.715    0.8011    0.3437   0.05172   0.03221         0
   191/499     5.12G   0.03082   0.01443         0   0.04525         8       448    0.6828      0.74    0.7731    0.2019   0.05536   0.03113         0
   192/499     5.12G   0.03952    0.0156         0   0.05513         8       448     0.589     0.495    0.5227    0.1573   0.06784   0.03916         0
   193/499     5.12G   0.03398   0.01496         0   0.04894         8       448    0.9196     0.572    0.7395    0.4362    0.0552   0.03931         0
   194/499     5.12G   0.02389   0.01303         0   0.03692         8       448     0.755     0.655    0.7477    0.4282   0.05208   0.03573         0
   195/499     5.12G   0.03025   0.01435         0    0.0446         8       448    0.6946     0.635     0.717    0.2846   0.05639   0.03674         0
   196/499     5.12G   0.03408   0.01578         0   0.04986         8       448    0.7344    0.6359    0.7072    0.2684   0.05863   0.03526         0
   197/499     5.12G    0.0277   0.01421         0   0.04191         8       448    0.7446      0.69    0.7563    0.3628   0.05297    0.0348         0
   198/499     5.12G   0.02755   0.01356         0    0.0411         8       448     0.598    0.7437    0.6893    0.2656   0.05538   0.03225         0
   199/499     5.12G   0.03821   0.01476         0   0.05298         8       448    0.6956     0.675     0.751    0.2294   0.05808   0.03562         0
   200/499     5.12G   0.03307   0.01464         0   0.04771         8       448    0.9058      0.64     0.781    0.3584   0.05312    0.0417         0
   201/499     5.12G   0.02919   0.01385         0   0.04303         8       448    0.7402      0.72    0.7887    0.3428   0.05749   0.03433         0
   202/499     5.12G    0.0344   0.01414         0   0.04854         8       448    0.7582    0.6428    0.7273    0.3179   0.05734   0.04298         0
   203/499     5.12G   0.02887   0.01387         0   0.04274         8       448    0.7864     0.615    0.7427     0.371   0.05487   0.04525         0
   204/499     5.12G   0.02845   0.01342         0   0.04187         8       448    0.7178      0.63    0.7152    0.2885   0.06038    0.0417         0
   205/499     5.12G   0.03778   0.01423         0   0.05201         8       448    0.8305     0.545    0.6398    0.2955   0.06471   0.04077         0
   206/499     5.12G   0.03204   0.01449         0   0.04653         8       448    0.8071      0.54    0.6118     0.214   0.06637   0.03967         0
   207/499     5.12G   0.03184   0.01378         0   0.04562         8       448    0.8943      0.58    0.6836    0.3681   0.06298   0.03597         0
   208/499     5.12G   0.02831   0.01298         0   0.04129         8       448    0.7408    0.6287    0.7184    0.3281   0.05287   0.04373         0
   209/499     5.12G   0.02818   0.01265         0   0.04083         8       448    0.7134     0.685     0.738    0.3546   0.05312   0.03928         0
   210/499     5.12G   0.03262   0.01285         0   0.04547         8       448    0.8698    0.6679     0.818    0.3532   0.05047   0.03861         0
   211/499     5.12G   0.02729   0.01348         0   0.04077         8       448    0.8574    0.6914    0.7864    0.4046   0.04964    0.0408         0
   212/499     5.12G   0.03388   0.01368         0   0.04757         8       448    0.8262       0.6    0.7338    0.3773   0.05165   0.04676         0
   213/499     5.12G   0.02757   0.01329         0   0.04086         8       448    0.9132    0.6843    0.8329    0.4647   0.04971   0.03964         0
   214/499     5.12G   0.02484   0.01196         0    0.0368         8       448    0.9087     0.796     0.909    0.4315   0.04881   0.03243         0
   215/499     5.12G   0.02324   0.01181         0   0.03505         8       448    0.6981      0.84     0.847    0.3828   0.05002   0.02945         0
   216/499     5.12G   0.02774   0.01238         0   0.04012         8       448    0.6281    0.7516    0.7923    0.3015   0.05579   0.03319         0
   217/499     5.12G   0.03355   0.01371         0   0.04727         8       448    0.7692      0.62    0.7661    0.2622   0.06473   0.04042         0
   218/499     5.12G   0.02715   0.01295         0   0.04009         8       448    0.8393     0.775     0.883    0.4195   0.04848   0.03987         0
   219/499     5.12G   0.02195   0.01105         0     0.033         8       448    0.7825     0.875    0.9048    0.4137   0.04504   0.02947         0
   220/499     5.12G    0.0286    0.0122         0    0.0408         8       448    0.7797     0.867    0.8856    0.3882   0.04772   0.02681         0
   221/499     5.12G    0.0304   0.01327         0   0.04368         8       448    0.7784      0.75    0.8369    0.3876   0.04849    0.0348         0
   222/499     5.12G   0.02409   0.01271         0    0.0368         8       448     0.847      0.78    0.8817    0.5327   0.04467   0.03303         0
   223/499     5.12G   0.02422    0.0114         0   0.03562         8       448    0.7785      0.82    0.8741     0.456   0.04697   0.03187         0
   224/499     5.12G   0.02598   0.01245         0   0.03844         8       448    0.8985      0.75    0.8911    0.4491   0.05176   0.03522         0
   225/499     5.12G   0.02826   0.01233         0   0.04059         8       448    0.8333    0.6997    0.8742    0.4697   0.04651   0.03868         0
   226/499     5.12G   0.02332   0.01203         0   0.03535         8       448    0.9007    0.7259    0.8963    0.4867   0.04629   0.03761         0
   227/499     5.12G   0.02178   0.01097         0   0.03276         8       448    0.9317     0.695    0.8493    0.4472   0.04878   0.03889         0
   228/499     5.12G    0.0215   0.01074         0   0.03224         8       448     0.918      0.61    0.7791    0.4584   0.05017   0.04008         0
   229/499     5.12G   0.02334   0.01118         0   0.03452         8       448     0.829    0.6785    0.7859    0.3517   0.05433   0.03889         0
   230/499     5.12G   0.02775   0.01231         0   0.04007         8       448     0.705     0.685    0.7488     0.302   0.05645   0.03249         0
   231/499     5.12G   0.02613   0.01213         0   0.03826         8       448    0.8538       0.9    0.9322    0.5004   0.04346   0.03017         0
   232/499     5.12G    0.0207   0.01087         0   0.03157         8       448      0.89    0.8899    0.9368     0.542   0.04065   0.03288         0
   233/499     5.12G   0.01606  0.009556         0   0.02561         8       448    0.8295    0.9245    0.9275    0.5306    0.0389   0.02857         0
   234/499     5.12G   0.02059   0.01033         0   0.03092         8       448    0.8437     0.925    0.9431    0.5068   0.03709   0.02791         0
   235/499     5.12G   0.02444   0.01137         0   0.03581         8       448    0.8738    0.7272    0.8574    0.4643   0.04593   0.03537         0
   236/499     5.12G   0.02418   0.01119         0   0.03537         8       448    0.9263     0.625     0.814    0.4427   0.05043   0.04121         0
   237/499     5.12G    0.0204   0.01084         0   0.03124         8       448    0.9799     0.705     0.881    0.4857    0.0444   0.03676         0
   238/499     5.12G   0.01959   0.01027         0   0.02985         8       448    0.8951      0.84    0.9067    0.4826   0.04477   0.02891         0
   239/499     5.12G   0.02352   0.01103         0   0.03455         8       448    0.8413      0.91    0.9399    0.5307   0.03889   0.02617         0
   240/499     5.12G   0.01797  0.009677         0   0.02765         8       448     0.834    0.9549    0.9524     0.551   0.03743   0.02472         0
   241/499     5.12G   0.01863  0.009712         0   0.02834         8       448    0.8304    0.9545    0.9553    0.5041   0.04004    0.0266         0
   242/499     5.12G   0.02093    0.0103         0   0.03124         8       448    0.8867    0.8998    0.9401    0.5021   0.04075   0.03242         0
   243/499     5.12G   0.02007   0.01044         0   0.03051         8       448    0.8908    0.8564    0.9275    0.4882    0.0435   0.03179         0
   244/499     5.12G   0.02065   0.01079         0   0.03143         8       448    0.8049     0.784    0.8769    0.4549   0.04603   0.03405         0
   245/499     5.12G   0.01962   0.01023         0   0.02985         8       448    0.8819     0.815    0.8868    0.5098   0.04472   0.03232         0
   246/499     5.12G   0.02029    0.0102         0   0.03049         8       448    0.9067     0.715    0.8439    0.5122   0.04717   0.03928         0
   247/499     5.12G   0.01813   0.01029         0   0.02843         8       448    0.8647      0.72    0.8368    0.4847   0.04742   0.03881         0
   248/499     5.12G   0.01887  0.009983         0   0.02885         8       448    0.8441     0.775    0.8756    0.4602    0.0462   0.03609         0
   249/499     5.12G   0.02001   0.01021         0   0.03022         8       448    0.8954      0.81     0.917    0.5799   0.03975    0.0342         0
   250/499     5.12G   0.01649  0.009172         0   0.02566         8       448    0.9071     0.781     0.907    0.5598     0.042   0.03483         0
   251/499     5.12G   0.01562  0.008903         0   0.02453         8       448    0.8866    0.8207    0.9103    0.5447   0.04187   0.03387         0
   252/499     5.12G   0.01468  0.007984         0   0.02266         8       448    0.8666    0.8769    0.9201    0.5247   0.04142   0.02993         0
   253/499     5.12G   0.01678  0.008638         0   0.02542         8       448    0.9139      0.87    0.9302    0.5629   0.03724   0.02751         0
   254/499     5.12G   0.02116   0.01063         0   0.03179         8       448    0.8795     0.839    0.9142    0.4883    0.0426   0.02907         0
   255/499     5.12G   0.02342   0.01082         0   0.03425         8       448    0.9104    0.7113    0.8755    0.5298   0.04411   0.03787         0
   256/499     5.12G   0.01756  0.009868         0   0.02743         8       448    0.8933     0.837    0.9152    0.5893   0.03843   0.03166         0
   257/499     5.12G   0.01547  0.008965         0   0.02443         8       448    0.8999     0.865    0.9257    0.5341   0.03846   0.02978         0
   258/499     5.12G    0.0159  0.008749         0   0.02464         8       448    0.9209    0.8148    0.9088    0.5515   0.04186   0.03327         0
   259/499     5.12G    0.0155  0.008483         0   0.02398         8       448    0.9297     0.765    0.8893    0.5611   0.04324   0.03416         0
   260/499     5.12G   0.01695  0.008923         0   0.02587         8       448    0.9142     0.799    0.9096    0.5596   0.04075    0.0338         0
   261/499     5.12G     0.016  0.008827         0   0.02483         8       448    0.9014    0.8229    0.9256    0.5515   0.04126   0.03204         0
   262/499     5.12G     0.016  0.008883         0   0.02488         8       448    0.9056       0.9    0.9557    0.5754   0.03733   0.02759         0
   263/499     5.12G   0.01537  0.008661         0   0.02403         8       448    0.9094      0.89    0.9426    0.5692   0.03767   0.02784         0
   264/499     5.12G   0.01673  0.008485         0   0.02521         8       448    0.8956      0.88    0.9383    0.5647   0.03933   0.03071         0
   265/499     5.12G   0.01622  0.008643         0   0.02486         8       448    0.9054    0.8138     0.923    0.5642   0.03989   0.03287         0
   266/499     5.12G    0.0157   0.00862         0   0.02432         8       448    0.8833       0.8    0.9141    0.5598   0.04029   0.03373         0
   267/499     5.12G   0.01583  0.008798         0   0.02463         8       448    0.8797    0.8043    0.9118    0.5491   0.04438   0.03244         0
   268/499     5.12G    0.0162   0.00857         0   0.02477         8       448    0.8755      0.89    0.9247    0.5349   0.03996   0.03022         0
   269/499     5.12G   0.01484  0.008499         0   0.02334         8       448     0.881     0.865    0.9274    0.5727   0.03872   0.03037         0
   270/499     5.12G   0.01427  0.008448         0   0.02272         8       448    0.9079    0.8376    0.9289    0.5529   0.04111   0.03256         0
   271/499     5.12G   0.01583  0.008623         0   0.02445         8       448    0.9273    0.7651    0.8957    0.5014   0.04677   0.03794         0
   272/499     5.12G   0.01789   0.00853         0   0.02642         8       448    0.9133    0.7372    0.8939    0.5002   0.04491   0.03974         0
   273/499     5.12G   0.01587  0.008326         0   0.02419         8       448    0.9283    0.7121    0.8781    0.5092   0.04451   0.03975         0
   274/499     5.12G   0.01275  0.008048         0    0.0208         8       448    0.9255      0.68    0.8321    0.5142   0.04496   0.04154         0
   275/499     5.12G    0.0149  0.008619         0   0.02352         8       448    0.9266    0.6946     0.862    0.5201   0.04481   0.03898         0
   276/499     5.12G   0.01461  0.008166         0   0.02277         8       448    0.9263     0.715    0.8876    0.5622    0.0432   0.04012         0
   277/499     5.12G   0.01411  0.007719         0   0.02183         8       448    0.9512     0.725    0.9016    0.5696   0.04235   0.03967         0
   278/499     5.12G   0.01357  0.007914         0   0.02148         8       448    0.9341    0.7794    0.9054    0.5721    0.0398   0.03685         0
   279/499     5.12G   0.01648  0.008887         0   0.02536         8       448    0.9391    0.7711    0.9106    0.5373   0.04149   0.03691         0
   280/499     5.12G   0.01792  0.009003         0   0.02692         8       448    0.9389    0.6914    0.9015    0.5269   0.04475   0.04142         0
   281/499     5.12G   0.01608  0.008414         0   0.02449         8       448    0.9403    0.7094    0.9036    0.5545   0.04256   0.03942         0
   282/499     5.12G   0.01316  0.007975         0   0.02113         8       448     0.913    0.8392    0.9301    0.5744   0.04048   0.03334         0
   283/499     5.12G   0.01229  0.007373         0   0.01966         8       448    0.8809       0.9    0.9422    0.5626   0.03944   0.02903         0
   284/499     5.12G   0.01467  0.008419         0   0.02309         8       448    0.8744    0.9401    0.9514    0.5653   0.03714   0.02806         0
   285/499     5.12G   0.01544  0.008981         0   0.02443         8       448    0.9024    0.9244    0.9496    0.5793   0.03599   0.02879         0
   286/499     5.12G   0.01673  0.008121         0   0.02485         8       448    0.9168    0.8819    0.9411    0.5933   0.03682   0.03194         0
   287/499     5.12G   0.01227  0.007463         0   0.01973         8       448    0.9322    0.8939    0.9489    0.5787   0.03616   0.03094         0
   288/499     5.12G   0.01178  0.007522         0    0.0193         8       448    0.9138     0.905    0.9482    0.6013   0.03647    0.0293         0
   289/499     5.12G   0.01333  0.007883         0   0.02121         8       448    0.9144     0.875     0.936    0.5898   0.03673   0.03023         0
   290/499     5.12G   0.01542   0.00788         0    0.0233         8       448    0.9249      0.83    0.9243    0.5639   0.03927   0.03481         0
   291/499     5.12G   0.01411  0.008115         0   0.02222         8       448    0.9279    0.7077    0.8865    0.5225   0.04277    0.0398         0
   292/499     5.12G    0.0142  0.007876         0   0.02208         8       448    0.9518     0.705    0.8918    0.5308   0.04257    0.0411         0
   293/499     5.12G   0.01385  0.008101         0   0.02195         8       448     0.922    0.7093     0.895    0.5207   0.04286   0.04087         0
   294/499     5.12G   0.01596  0.008448         0   0.02441         8       448    0.9007      0.81     0.916    0.5651   0.03963   0.03554         0
   295/499     5.12G   0.01179   0.00743         0   0.01922         8       448    0.8873    0.8663    0.9217    0.5799    0.0381   0.03239         0
   296/499     5.12G   0.01171  0.007233         0   0.01895         8       448    0.9076      0.82    0.9088    0.5756   0.04035   0.03545         0
   297/499     5.12G   0.01391  0.007134         0   0.02104         8       448    0.9437    0.7548    0.9078    0.5772   0.04207   0.03868         0
   298/499     5.12G    0.0111  0.006739         0   0.01784         8       448     0.945    0.7731    0.9064    0.5701   0.04133   0.03683         0
   299/499     5.12G   0.01103  0.006779         0   0.01781         8       448     0.942      0.78    0.9142    0.5452   0.04139   0.03661         0
   300/499     5.12G   0.01323  0.007803         0   0.02103         8       448    0.9258    0.7488    0.9002    0.5202   0.04393   0.03656         0
   301/499     5.12G   0.01468  0.008481         0   0.02317         8       448     0.927    0.7622    0.9038    0.5582   0.04258   0.03664         0
   302/499     5.12G   0.01035  0.007139         0   0.01749         8       448     0.936    0.8042    0.9192    0.5583   0.04126   0.03566         0
   303/499     5.12G   0.01345  0.007693         0   0.02114         8       448    0.8954     0.835     0.913    0.5641   0.03952   0.03457         0
   304/499     5.12G   0.01239  0.007414         0   0.01981         8       448    0.9212    0.8772    0.9354    0.5852   0.03786   0.03168         0
   305/499     5.12G   0.01009  0.006498         0   0.01658         8       448    0.9136     0.875    0.9312     0.603    0.0371    0.0318         0
   306/499     5.12G   0.01192  0.006887         0   0.01881         8       448    0.9294     0.835    0.9175    0.6026   0.03849   0.03327         0
   307/499     5.12G   0.01242  0.006954         0   0.01937         8       448    0.9434    0.7498    0.9026     0.582   0.04097   0.03776         0
   308/499     5.12G  0.009979  0.006557         0   0.01654         8       448    0.9343      0.71    0.8777    0.5792   0.04225   0.03947         0
   309/499     5.12G  0.009805  0.006073         0   0.01588         8       448    0.9284      0.71    0.8716    0.5709   0.04173   0.03813         0
   310/499     5.12G   0.01123  0.006581         0   0.01781         8       448    0.9042    0.7553    0.8767    0.5555    0.0419    0.0363         0
   311/499     5.12G    0.0131  0.007547         0   0.02065         8       448    0.9468    0.7121    0.8669    0.5233   0.04515   0.03767         0
   312/499     5.12G   0.01534  0.008131         0   0.02347         8       448    0.9262    0.7528     0.884    0.5627   0.04037   0.03665         0
   313/499     5.12G   0.01123    0.0072         0   0.01843         8       448    0.9396     0.775    0.9143     0.563   0.04095   0.03587         0
   314/499     5.12G    0.0116   0.00746         0   0.01906         8       448    0.9158       0.8    0.9232    0.6029   0.03871   0.03456         0
   315/499     5.12G   0.01001   0.00641         0   0.01642         8       448    0.9194     0.865    0.9287    0.5949   0.03754   0.03206         0
   316/499     5.12G   0.01055  0.006417         0   0.01697         8       448     0.921    0.8739     0.931    0.6184   0.03718   0.03175         0
   317/499     5.12G   0.01084  0.006288         0   0.01713         8       448    0.9188    0.8491    0.9269    0.6012   0.03842   0.03362         0
   318/499     5.12G   0.01092  0.006649         0   0.01757         8       448    0.9166    0.8247    0.9157    0.5707   0.03978   0.03537         0
   319/499     5.12G   0.01045  0.006198         0   0.01665         8       448      0.93     0.795    0.9071    0.5848   0.03991    0.0365         0
   320/499     5.12G  0.009765  0.006217         0   0.01598         8       448    0.9517    0.7878    0.9104    0.5865   0.03982   0.03707         0
   321/499     5.12G  0.009327   0.00628         0   0.01561         8       448    0.9409    0.7963    0.9168    0.5781   0.04029   0.03664         0
   322/499     5.12G   0.01264  0.007117         0   0.01976         8       448    0.9323       0.8    0.9112    0.5698   0.04069   0.03567         0
   323/499     5.12G   0.01175  0.006862         0   0.01861         8       448    0.9245    0.7963    0.9123    0.5667   0.03985   0.03562         0
   324/499     5.12G   0.01032  0.006481         0    0.0168         8       448    0.9261     0.825    0.9278    0.5888   0.03822   0.03443         0
   325/499     5.12G   0.01117  0.006336         0   0.01751         8       448    0.9185     0.865    0.9374    0.5829   0.03707   0.03151         0
   326/499     5.12G  0.009302  0.006113         0   0.01542         8       448    0.9131    0.8926     0.939    0.6037    0.0359   0.02863         0
   327/499     5.12G   0.01127  0.006811         0   0.01808         8       448    0.9141     0.875    0.9294    0.6032   0.03663   0.03045         0
   328/499     5.12G   0.01302  0.008065         0   0.02108         8       448    0.9231    0.8406    0.9291    0.5941   0.03823    0.0331         0
   329/499     5.12G   0.01235  0.007364         0   0.01971         8       448    0.9452      0.79    0.9318     0.616   0.03876   0.03757         0
   330/499     5.12G  0.009318  0.006758         0   0.01608         8       448    0.9524       0.8    0.9332     0.612   0.03881   0.03763         0
   331/499     5.12G  0.009012  0.006313         0   0.01532         8       448    0.9343     0.853    0.9301    0.6137   0.03733   0.03545         0
   332/499     5.12G  0.008876  0.005791         0   0.01467         8       448    0.8918    0.8654    0.9234    0.6032   0.03808   0.03329         0
   333/499     5.12G   0.01197   0.00638         0   0.01835         8       448    0.9291    0.8512    0.9339    0.5862   0.03894   0.03459         0
   334/499     5.12G   0.01108   0.00648         0   0.01756         8       448    0.9338    0.8464    0.9414    0.6003   0.03838   0.03383         0
   335/499     5.12G   0.01012   0.00625         0   0.01637         8       448    0.9104      0.87    0.9472    0.5875   0.03725    0.0325         0
   336/499     5.12G  0.008884  0.006083         0   0.01497         8       448    0.9081    0.8889    0.9492     0.572   0.03619   0.03022         0
   337/499     5.12G   0.00939  0.006286         0   0.01568         8       448    0.9137    0.8998    0.9516    0.5893   0.03535   0.02957         0
   338/499     5.12G  0.009803  0.006108         0   0.01591         8       448    0.9137    0.8997    0.9491    0.5804   0.03609   0.02877         0
   339/499     5.12G  0.009997  0.006768         0   0.01677         8       448    0.9288      0.89    0.9476    0.5961   0.03653      0.03         0
   340/499     5.12G   0.01192   0.00752         0   0.01944         8       448    0.9107    0.8666    0.9342    0.5755   0.03836   0.03328         0
   341/499     5.12G   0.01034  0.006523         0   0.01686         8       448    0.9284    0.8424    0.9362    0.6121   0.03835   0.03535         0
   342/499     5.12G   0.00922  0.006348         0   0.01557         8       448    0.9426      0.84    0.9379    0.6042   0.03886   0.03514         0
   343/499     5.12G  0.009589  0.006137         0   0.01573         8       448    0.9343      0.82    0.9348    0.6068   0.03928   0.03632         0
   344/499     5.12G  0.008241  0.005493         0   0.01373         8       448    0.9437    0.8384    0.9384    0.6145   0.03854   0.03579         0
   345/499     5.12G  0.008956   0.00556         0   0.01452         8       448    0.9284    0.8423    0.9393    0.6158    0.0378    0.0345         0
   346/499     5.12G  0.009231  0.005792         0   0.01502         8       448    0.9336    0.8435     0.939    0.6195   0.03734   0.03429         0
   347/499     5.12G  0.009834    0.0061         0   0.01593         8       448    0.9194    0.8556     0.936    0.5844    0.0378   0.03323         0
   348/499     5.12G  0.008011  0.005483         0   0.01349         8       448    0.9249     0.875    0.9353     0.597   0.03717   0.03186         0
   349/499     5.12G  0.007838   0.00517         0   0.01301         8       448    0.9328      0.89    0.9488    0.6023   0.03613   0.03073         0
   350/499     5.12G  0.009277  0.005724         0     0.015         8       448    0.9324     0.897    0.9522    0.6072   0.03573   0.03014         0
   351/499     5.12G  0.008019  0.005236         0   0.01325         8       448    0.9262      0.89     0.949    0.6251   0.03526   0.03103         0
   352/499     5.12G  0.009242  0.005598         0   0.01484         8       448    0.9217    0.8832     0.947    0.5961   0.03697   0.03112         0
   353/499     5.12G   0.00939  0.006251         0   0.01564         8       448    0.9237    0.8474    0.9376     0.573   0.03868    0.0342         0
   354/499     5.12G  0.007594  0.005356         0   0.01295         8       448    0.9475    0.8123    0.9382    0.5825   0.03981   0.03511         0
   355/499     5.12G  0.009191  0.006054         0   0.01524         8       448     0.936    0.8045    0.9336    0.5735   0.03988   0.03536         0
   356/499     5.12G  0.008877  0.005792         0   0.01467         8       448    0.9183     0.843    0.9304    0.5887   0.03903   0.03426         0
   357/499     5.12G  0.007091  0.004895         0   0.01199         8       448    0.9141     0.851    0.9356    0.6031   0.03751   0.03365         0
   358/499     5.12G  0.006906  0.004705         0   0.01161         8       448    0.9035      0.87    0.9341    0.6081   0.03627   0.03182         0
   359/499     5.12G  0.008594   0.00544         0   0.01403         8       448    0.9064    0.8711    0.9393    0.6091   0.03579   0.03186         0
   360/499     5.12G  0.008635  0.005786         0   0.01442         8       448    0.9143      0.88    0.9344    0.5928   0.03613   0.03093         0
   361/499     5.12G  0.008294  0.005667         0   0.01396         8       448    0.9125      0.87    0.9344    0.6009   0.03599   0.03148         0
   362/499     5.12G  0.008649  0.005736         0   0.01438         8       448    0.9033    0.8412    0.9253    0.5942   0.03785   0.03389         0
   363/499     5.12G  0.008226  0.005435         0   0.01366         8       448    0.9323      0.82    0.9311    0.6079   0.03741   0.03471         0
   364/499     5.12G  0.007061  0.005021         0   0.01208         8       448    0.9142     0.865    0.9332    0.6119   0.03672   0.03317         0
   365/499     5.12G  0.006962  0.005091         0   0.01205         8       448    0.9151    0.8621    0.9321    0.6039    0.0374   0.03255         0
   366/499     5.12G  0.009024  0.005597         0   0.01462         8       448    0.9244    0.8555    0.9363    0.6095   0.03711   0.03273         0
   367/499     5.12G  0.008077  0.005408         0   0.01349         8       448    0.9325      0.81    0.9302    0.6057   0.03793   0.03401         0
   368/499     5.12G  0.007148  0.005128         0   0.01228         8       448    0.9206    0.8111    0.9299    0.5929   0.03877   0.03422         0
   369/499     5.12G   0.00878  0.005461         0   0.01424         8       448    0.9231    0.8399    0.9332    0.5899   0.03849    0.0338         0
   370/499     5.12G  0.006939  0.005109         0   0.01205         8       448    0.9115     0.845    0.9298    0.5916   0.03837   0.03341         0
   371/499     5.12G  0.006799  0.004838         0   0.01164         8       448    0.9139    0.8493    0.9323    0.5962   0.03771   0.03264         0
   372/499     5.12G  0.006919  0.004936         0   0.01186         8       448    0.8901    0.8507    0.9305    0.5956   0.03713   0.03209         0
   373/499     5.12G   0.00796  0.005547         0   0.01351         8       448    0.9234    0.8442    0.9363    0.6124   0.03632   0.03232         0
   374/499     5.12G  0.007989  0.005224         0   0.01321         8       448    0.9334    0.8408    0.9381    0.6123   0.03659   0.03295         0
   375/499     5.12G   0.00777  0.005284         0   0.01305         8       448    0.9488    0.8336     0.941     0.608   0.03665   0.03389         0
   376/499     5.12G  0.007069  0.005028         0    0.0121         8       448    0.9301      0.83      0.93    0.6008   0.03732   0.03409         0
   377/499     5.12G  0.006345  0.004704         0   0.01105         8       448    0.9432    0.8296      0.94    0.6142   0.03785   0.03393         0
   378/499     5.12G  0.007699   0.00529         0   0.01299         8       448    0.9477     0.815    0.9362    0.6009   0.03911   0.03424         0
   379/499     5.12G  0.007945  0.005683         0   0.01363         8       448    0.9428    0.8245    0.9386    0.6112   0.03861   0.03403         0
   380/499     5.12G  0.007243  0.005218         0   0.01246         8       448    0.9289      0.83    0.9332    0.5925   0.03919   0.03404         0
   381/499     5.12G   0.00778  0.005226         0   0.01301         8       448    0.9282     0.845    0.9349    0.6124   0.03846   0.03339         0
   382/499     5.12G  0.006861  0.004784         0   0.01165         8       448    0.9147    0.8582    0.9365    0.6109   0.03744   0.03255         0
   383/499     5.12G  0.006117  0.004607         0   0.01072         8       448    0.9113    0.8732    0.9368     0.601   0.03741    0.0316         0
   384/499     5.12G  0.006473  0.004724         0    0.0112         8       448    0.9121     0.882    0.9367    0.6065   0.03667   0.03089         0
   385/499     5.12G  0.007033  0.004583         0   0.01162         8       448    0.9119    0.8798    0.9357    0.6083   0.03684   0.03152         0
   386/499     5.12G  0.006301  0.004533         0   0.01083         8       448    0.9164      0.88    0.9367    0.6062   0.03658    0.0314         0
   387/499     5.12G   0.00644  0.004702         0   0.01114         8       448    0.9109      0.88    0.9349    0.6066   0.03652   0.03106         0
   388/499     5.12G  0.007667  0.004867         0   0.01253         8       448    0.9055    0.8621    0.9321    0.6061   0.03763   0.03226         0
   389/499     5.12G  0.005855  0.004597         0   0.01045         8       448    0.9316      0.82     0.932    0.6083   0.03811   0.03386         0
   390/499     5.12G  0.006132  0.004616         0   0.01075         8       448    0.9473    0.8087     0.925    0.5931   0.03928    0.0339         0
   391/499     5.12G  0.007284  0.005194         0   0.01248         8       448    0.9238    0.8485     0.933    0.6006   0.03784   0.03256         0
   392/499     5.12G  0.006658  0.004659         0   0.01132         8       448    0.9109    0.8695    0.9306    0.6035   0.03749   0.03196         0
   393/499     5.12G  0.007382  0.004861         0   0.01224         8       448    0.9051     0.858    0.9333    0.6019   0.03779   0.03204         0
   394/499     5.12G  0.006684  0.004661         0   0.01134         8       448    0.8978     0.865    0.9304    0.6108   0.03714   0.03187         0
   395/499     5.12G  0.006148  0.004327         0   0.01047         8       448    0.9067     0.875    0.9336    0.6041   0.03701   0.03123         0
   396/499     5.12G  0.005593  0.004498         0   0.01009         8       448    0.8995      0.88    0.9392    0.6044   0.03654   0.03069         0
   397/499     5.12G  0.005842  0.004379         0   0.01022         8       448    0.8984    0.8847    0.9401    0.6117   0.03611   0.03048         0
   398/499     5.12G  0.006574  0.004539         0   0.01111         8       448    0.9026    0.8805    0.9413    0.6047   0.03649   0.03076         0
   399/499     5.12G  0.006348  0.004549         0    0.0109         8       448     0.912    0.8809    0.9413    0.6119   0.03666    0.0318         0
   400/499     5.12G  0.005778  0.004351         0   0.01013         8       448    0.9043      0.87    0.9388    0.6069   0.03731   0.03281         0
   401/499     5.12G  0.005463  0.004261         0  0.009724         8       448    0.9154    0.8656    0.9403    0.6088   0.03743   0.03369         0
   402/499     5.12G  0.006001  0.004492         0   0.01049         8       448    0.9105    0.8651      0.94     0.603   0.03779   0.03347         0
   403/499     5.12G  0.006395  0.004749         0   0.01114         8       448     0.914      0.87    0.9402    0.6027   0.03755   0.03261         0
   404/499     5.12G  0.005859  0.004244         0    0.0101         8       448    0.9114    0.8748    0.9386    0.5981    0.0378   0.03178         0
   405/499     5.12G  0.006757  0.004788         0   0.01154         8       448    0.9069    0.8766     0.937    0.5962   0.03747   0.03171         0
   406/499     5.12G  0.006976  0.005125         0    0.0121         8       448    0.8885    0.8764    0.9304    0.6036   0.03703   0.03121         0
   407/499     5.12G  0.005467  0.004161         0  0.009628         8       448    0.8974    0.8746    0.9323    0.6127   0.03713   0.03103         0
   408/499     5.12G   0.00653  0.004289         0   0.01082         8       448    0.8889      0.87    0.9292    0.6035   0.03714   0.03165         0
   409/499     5.12G  0.005145  0.004041         0  0.009186         8       448    0.8916    0.8639    0.9234      0.61   0.03686     0.032         0
   410/499     5.12G  0.005764  0.004479         0   0.01024         8       448     0.896    0.8616    0.9226    0.6088   0.03699   0.03261         0
   411/499     5.12G   0.00631  0.004508         0   0.01082         8       448    0.9053    0.8601    0.9273    0.6087   0.03686   0.03285         0
   412/499     5.12G  0.005913  0.004394         0   0.01031         8       448      0.91    0.8595     0.931    0.6098   0.03725   0.03316         0
   413/499     5.12G  0.005902  0.004602         0    0.0105         8       448    0.9117    0.8774    0.9352    0.6031   0.03717   0.03269         0
   414/499     5.12G  0.004871  0.003831         0  0.008702         8       448    0.9171    0.8851    0.9445    0.6154   0.03642   0.03157         0
   415/499     5.12G  0.005297  0.003916         0  0.009213         8       448    0.9045      0.89    0.9443    0.6188   0.03599   0.03047         0
   416/499     5.12G  0.005099  0.003787         0  0.008886         8       448     0.904    0.8946    0.9457    0.6155   0.03605   0.02998         0
   417/499     5.12G  0.005689  0.004153         0  0.009842         8       448    0.8998      0.89     0.942    0.6124   0.03648   0.03037         0
   418/499     5.12G  0.005926  0.004089         0   0.01001         8       448    0.8916     0.885    0.9391    0.6002   0.03666   0.03055         0
   419/499     5.12G  0.005388  0.003934         0  0.009321         8       448    0.8883    0.8746    0.9319    0.5932    0.0367    0.0312         0
   420/499     5.12G  0.004768  0.003956         0  0.008724         8       448    0.8833      0.87    0.9276    0.5956   0.03712   0.03176         0
   421/499     5.12G  0.005041  0.004049         0  0.009089         8       448    0.8879    0.8713    0.9257    0.5983   0.03711    0.0316         0
   422/499     5.12G  0.004397  0.003561         0  0.007958         8       448    0.8833    0.8701    0.9254    0.5977   0.03733   0.03163         0
   423/499     5.12G  0.004773  0.004003         0  0.008776         8       448    0.8983     0.865    0.9246    0.6055   0.03724   0.03206         0
   424/499     5.12G  0.005429  0.004235         0  0.009663         8       448    0.8968      0.86    0.9231    0.5988   0.03806   0.03279         0
   425/499     5.12G  0.005986  0.004252         0   0.01024         8       448    0.9053    0.8605    0.9264    0.5979   0.03783   0.03283         0
   426/499     5.12G  0.004951  0.003836         0  0.008787         8       448    0.9105    0.8647    0.9288    0.6008   0.03765   0.03226         0
   427/499     5.12G  0.004929  0.003995         0  0.008924         8       448    0.9018    0.8728    0.9295    0.6093   0.03695   0.03211         0
   428/499     5.12G  0.004296  0.003613         0  0.007909         8       448    0.8972     0.875    0.9313     0.601   0.03737   0.03209         0
   429/499     5.12G   0.00511  0.003674         0  0.008785         8       448    0.8934    0.8804    0.9342    0.6025   0.03718   0.03177         0
   430/499     5.12G   0.00473  0.003744         0  0.008474         8       448     0.898    0.8809    0.9324    0.6062   0.03712   0.03136         0
   431/499     5.12G  0.004801   0.00387         0  0.008671         8       448    0.9002     0.885    0.9376    0.6104   0.03644   0.03057         0
   432/499     5.12G   0.00513  0.004002         0  0.009132         8       448    0.9041    0.8956    0.9388     0.604   0.03596   0.02972         0
   433/499     5.12G  0.004536  0.003746         0  0.008282         8       448    0.9001    0.9009    0.9394    0.6167   0.03534   0.02929         0
   434/499     5.12G  0.005149  0.003841         0   0.00899         8       448    0.8886     0.895    0.9349    0.6141   0.03566   0.02955         0
   435/499     5.12G  0.004328  0.003469         0  0.007797         8       448    0.8956      0.88    0.9309     0.615    0.0362   0.03072         0
   436/499     5.12G  0.004443  0.003573         0  0.008015         8       448     0.884      0.87    0.9246    0.6109   0.03705   0.03184         0
   437/499     5.12G  0.004559  0.003663         0  0.008223         8       448    0.9011     0.855    0.9291    0.6055   0.03781   0.03297         0
   438/499     5.12G  0.005977  0.004162         0   0.01014         8       448    0.9095    0.8538    0.9299    0.6011   0.03806   0.03295         0
   439/499     5.12G  0.005138  0.003968         0  0.009105         8       448    0.9109    0.8685    0.9341    0.6061   0.03744   0.03189         0
   440/499     5.12G  0.004633  0.003623         0  0.008256         8       448    0.9049      0.88    0.9351    0.6033   0.03724   0.03107         0
   441/499     5.12G  0.004207  0.003674         0  0.007881         8       448    0.9028    0.8821    0.9345     0.601   0.03692   0.03034         0
   442/499     5.12G  0.003941  0.003354         0  0.007295         8       448    0.9027    0.8818    0.9337    0.6033   0.03682   0.03023         0
   443/499     5.12G  0.004118  0.003219         0  0.007337         8       448    0.8984      0.88    0.9314     0.602   0.03703   0.03041         0
   444/499     5.12G   0.00414  0.003494         0  0.007634         8       448    0.9027    0.8809    0.9381    0.6028   0.03676   0.03032         0
   445/499     5.12G  0.005157  0.003994         0  0.009151         8       448    0.8983    0.8829    0.9327    0.6025   0.03721   0.03049         0
   446/499     5.12G  0.004972  0.003637         0  0.008609         8       448    0.8891    0.8815     0.926    0.6055   0.03697   0.03089         0
   447/499     5.12G  0.004123  0.003394         0  0.007517         8       448    0.8922      0.88    0.9262     0.605   0.03693   0.03088         0
   448/499     5.12G  0.004226  0.003419         0  0.007645         8       448    0.8972    0.8723    0.9269    0.6073   0.03721   0.03123         0
   449/499     5.12G  0.004913  0.003669         0  0.008582         8       448     0.882    0.8596    0.9202    0.5994   0.03783   0.03194         0
   450/499     5.12G  0.004613  0.003443         0  0.008055         8       448    0.8909    0.8574    0.9229    0.6104   0.03773   0.03218         0
   451/499     5.12G  0.004914  0.003533         0  0.008446         8       448    0.8825    0.8638    0.9224    0.5954   0.03722   0.03184         0
   452/499     5.12G   0.00484  0.003886         0  0.008726         8       448    0.8975     0.865    0.9265    0.6001   0.03702   0.03152         0
   453/499     5.12G  0.004094  0.003341         0  0.007435         8       448    0.8967    0.8684    0.9283    0.6015   0.03698   0.03143         0
   454/499     5.12G  0.004063   0.00342         0  0.007482         8       448    0.8973    0.8735    0.9307    0.6019    0.0368    0.0312         0
   455/499     5.12G  0.004467  0.003846         0  0.008312         8       448    0.8889      0.88    0.9315    0.6081   0.03628   0.03057         0
   456/499     5.12G  0.004552  0.003604         0  0.008156         8       448    0.8889    0.8805    0.9291    0.6015   0.03657   0.03047         0
   457/499     5.12G   0.00395   0.00313         0   0.00708         8       448    0.8921      0.88     0.929    0.6018   0.03672    0.0304         0
   458/499     5.12G  0.004545  0.003359         0  0.007904         8       448    0.9042      0.88    0.9296    0.6055   0.03722    0.0311         0
   459/499     5.12G  0.003873  0.003465         0  0.007338         8       448    0.9019    0.8734    0.9285    0.5986   0.03758   0.03196         0
   460/499     5.12G    0.0039   0.00344         0   0.00734         8       448    0.9009    0.8641    0.9265    0.6085   0.03775    0.0324         0
   461/499     5.12G  0.003703  0.003054         0  0.006757         8       448    0.9056    0.8636      0.93    0.6023   0.03776   0.03231         0
   462/499     5.12G  0.004762  0.003608         0   0.00837         8       448    0.9007    0.8616    0.9288    0.5977   0.03808   0.03234         0
   463/499     5.12G  0.004399  0.003686         0  0.008085         8       448    0.8941     0.865     0.925    0.6047   0.03778    0.0322         0
   464/499     5.12G  0.003574  0.003252         0  0.006826         8       448    0.8902     0.865     0.923    0.6064   0.03765   0.03213         0
   465/499     5.12G   0.00384  0.003278         0  0.007117         8       448    0.8957     0.865    0.9246    0.6127   0.03742   0.03207         0
   466/499     5.12G  0.003603  0.002993         0  0.006596         8       448    0.8945     0.865    0.9248    0.6122   0.03735   0.03181         0
   467/499     5.12G  0.004203  0.003414         0  0.007618         8       448    0.8788    0.8702    0.9222    0.6001   0.03712    0.0312         0
   468/499     5.12G  0.004733  0.003704         0  0.008437         8       448    0.8934    0.8803    0.9251    0.6024   0.03665   0.03039         0
   469/499     5.12G  0.003496  0.002872         0  0.006369         8       448    0.8891      0.88    0.9294    0.5974   0.03624   0.02989         0
   470/499     5.12G   0.00376  0.003214         0  0.006974         8       448    0.8897    0.8869    0.9267    0.5984   0.03621   0.02986         0
   471/499     5.12G  0.004746  0.003808         0  0.008554         8       448    0.8894    0.8848    0.9297    0.6091   0.03607    0.0298         0
   472/499     5.12G  0.004269  0.003485         0  0.007754         8       448    0.8986      0.88    0.9301    0.5986   0.03677   0.03031         0
   473/499     5.12G  0.003306  0.002986         0  0.006292         8       448    0.8983    0.8837    0.9319    0.6068   0.03666   0.03037         0
   474/499     5.12G  0.004567  0.003646         0  0.008213         8       448    0.9029    0.8836    0.9327    0.6017   0.03681   0.03059         0
   475/499     5.12G  0.005037  0.003658         0  0.008696         8       448    0.9006      0.88    0.9323    0.6054   0.03687   0.03124         0
   476/499     5.12G  0.003506   0.00318         0  0.006687         8       448    0.8978    0.8783    0.9315    0.6098   0.03711   0.03176         0
   477/499     5.12G  0.003678  0.002981         0  0.006659         8       448    0.9069    0.8766    0.9303    0.6064   0.03755    0.0317         0
   478/499     5.12G   0.00469  0.003203         0  0.007893         8       448     0.904      0.87    0.9298    0.6046   0.03736   0.03185         0
   479/499     5.12G  0.003586   0.00316         0  0.006747         8       448    0.9002     0.865    0.9293    0.6034   0.03761   0.03213         0
   480/499     5.12G  0.004038  0.003349         0  0.007387         8       448    0.9089     0.865    0.9302    0.6095   0.03761   0.03239         0
   481/499     5.12G  0.004166  0.003137         0  0.007304         8       448    0.9038     0.865    0.9292     0.603   0.03758   0.03208         0
   482/499     5.12G  0.004275   0.00342         0  0.007695         8       448    0.8842     0.865     0.924    0.5971   0.03727   0.03127         0
   483/499     5.12G   0.00395  0.003255         0  0.007205         8       448    0.8888    0.8794    0.9254    0.5989    0.0366   0.03043         0
   484/499     5.12G  0.003807  0.003066         0  0.006873         8       448    0.8847    0.8822    0.9258    0.6007   0.03627   0.02987         0
   485/499     5.12G  0.004138  0.003251         0  0.007389         8       448    0.8893    0.8836     0.927    0.6011   0.03605   0.02984         0
   486/499     5.12G  0.004175  0.003486         0  0.007661         8       448    0.8846    0.8815    0.9246    0.5949   0.03656   0.03011         0
   487/499     5.12G  0.003618  0.003119         0  0.006736         8       448    0.8889    0.8804    0.9282    0.6032   0.03653   0.03036         0
   488/499     5.12G   0.00355  0.003041         0  0.006591         8       448    0.8916      0.88     0.928    0.6075   0.03657   0.03038         0
   489/499     5.12G  0.003256  0.002854         0   0.00611         8       448    0.9006      0.88    0.9302    0.6078   0.03638    0.0303         0
   490/499     5.12G   0.00345  0.002994         0  0.006444         8       448    0.9027      0.88    0.9301    0.6037   0.03675    0.0306         0
   491/499     5.12G   0.00382  0.003081         0  0.006901         8       448    0.8956      0.88    0.9275    0.6012   0.03708   0.03112         0
   492/499     5.12G   0.00416  0.003216         0  0.007376         8       448    0.9025    0.8795    0.9285    0.5995   0.03724   0.03124         0
   493/499     5.12G  0.004395    0.0035         0  0.007895         8       448     0.898    0.8804    0.9288    0.6002   0.03698   0.03103         0
   494/499     5.12G   0.00368  0.003038         0  0.006718         8       448    0.8934    0.8802    0.9273    0.5977   0.03683   0.03104         0
   495/499     5.12G  0.003452  0.003018         0   0.00647         8       448    0.8936    0.8816    0.9291    0.6018   0.03676   0.03081         0
   496/499     5.12G   0.00356  0.003089         0  0.006648         8       448    0.8816      0.88    0.9265    0.6056   0.03661   0.03032         0
   497/499     5.12G  0.003927  0.003285         0  0.007212         8       448    0.8899    0.8889    0.9323    0.6071   0.03646   0.02972         0
   498/499     5.12G  0.003361  0.003098         0  0.006459         8       448    0.8815    0.8929    0.9286    0.5991   0.03613   0.02923         0
   499/499     5.12G  0.003491  0.003029         0  0.006519         8       448    0.8776    0.8966    0.9272    0.5967   0.03575   0.02885         0
