     0/499    0.782G    0.1165    0.0549         0    0.1714        40       448         0         0         0         0         0         0         0
     1/499     4.26G    0.1061   0.04699         0    0.1531        40       448         0         0         0         0         0         0         0
     2/499     4.26G   0.09561   0.05508         0    0.1507        40       448         0         0         0         0         0         0         0
     3/499     4.26G   0.08646   0.05469         0    0.1411        40       448         0         0 0.0006036 0.0001465    0.1048   0.04598         0
     4/499     4.26G   0.08483   0.04688         0    0.1317        40       448         0         0  0.001861 0.0004582    0.1049   0.04805         0
     5/499      5.7G    0.0817    0.0428         0    0.1245        40       448         0         0  0.001329 0.0003252    0.1078   0.04587         0
     6/499      5.7G    0.0837   0.03963         0    0.1233        40       448         0         0  0.001028 0.0002361    0.1053   0.05036         0
     7/499      5.7G   0.08103   0.03908         0    0.1201        40       448         0         0  0.001841 0.0004127    0.1069   0.04738         0
     8/499      5.7G   0.07639   0.03788         0    0.1143        40       448         0         0  0.002748  0.000592    0.1052   0.04816         0
     9/499     5.71G   0.07446   0.03714         0    0.1116        40       448         0         0  0.003617 0.0007865    0.1038   0.05032         0
    10/499     5.71G   0.07122   0.03742         0    0.1086        40       448    0.1245 0.0008347   0.01219  0.002934    0.0988   0.05536         0
    11/499     5.71G   0.06923   0.03744         0    0.1067        40       448     0.644  0.002504    0.1238   0.03544   0.09146   0.05648         0
    12/499     5.71G   0.06799   0.03561         0    0.1036        40       448    0.7125  0.004143    0.1238   0.02549   0.09127   0.05582         0
    13/499     5.71G   0.06952   0.03506         0    0.1046        40       448    0.8541   0.03422    0.3451     0.086   0.07828   0.05935         0
    14/499     5.71G   0.06402   0.03356         0   0.09758        40       448    0.7004    0.1913    0.4026    0.1047   0.06884   0.05608         0
    15/499     5.71G   0.06485   0.03301         0   0.09786        40       448     0.508   0.08848    0.2615   0.05816   0.07553   0.05737         0
    16/499     5.71G   0.06141   0.03251         0   0.09392        40       448    0.5931    0.6553    0.6387    0.1527   0.06267   0.04406         0
    17/499     5.71G   0.06105   0.03106         0    0.0921        40       448    0.7319    0.3681    0.5671    0.1325    0.0647   0.05448         0
    18/499     5.71G   0.06278   0.03042         0    0.0932        40       448    0.5585    0.6601    0.5529    0.1676   0.06088   0.04584         0
    19/499     5.71G   0.05903   0.03178         0   0.09081        40       448    0.5642    0.6841     0.584    0.1548   0.05945   0.04354         0
    20/499     5.71G   0.05864   0.03095         0   0.08959        40       448         0         0   0.02508  0.005058     0.107    0.0578         0
    21/499     5.71G   0.05795   0.03034         0   0.08829        40       448    0.8654   0.09124    0.4178    0.1115   0.07958   0.06366         0
    22/499     5.71G   0.05931   0.02949         0   0.08881        40       448    0.4747    0.2129    0.3459   0.07757   0.07306   0.04943         0
    23/499     5.71G   0.05978   0.03011         0    0.0899        40       448    0.5139    0.1978    0.3581    0.0824   0.07601     0.063         0
    24/499     5.71G   0.05612   0.02897         0   0.08509        40       448    0.5661    0.3485    0.4685    0.1191   0.06654   0.05308         0
    25/499     5.71G   0.05725   0.02814         0    0.0854        40       448    0.3048    0.3293    0.2552   0.05598   0.07355   0.04668         0
    26/499     5.71G   0.05386   0.02851         0   0.08237        40       448    0.7534    0.1778    0.4105    0.1246   0.07103    0.0669         0
    27/499     5.71G   0.05363    0.0273         0   0.08093        40       448    0.6477    0.6561    0.6917    0.1917   0.05948   0.04356         0
    28/499     5.71G   0.05509   0.02692         0   0.08201        40       448    0.5641     0.793    0.6734    0.2292   0.05191   0.03834         0
    29/499     5.71G   0.05408   0.02719         0   0.08127        40       448    0.3082   0.01673     0.104   0.02147    0.0893   0.07565         0
    30/499     5.71G   0.05486   0.02617         0   0.08104        40       448    0.6292    0.5481    0.6268     0.234   0.05941   0.04789         0
    31/499     5.71G   0.05068   0.02649         0   0.07717        40       448    0.5972    0.7421    0.7167    0.2193   0.05767    0.0376         0
    32/499     5.71G   0.04982   0.02564         0   0.07547        40       448    0.5564     0.697    0.6318    0.1683    0.0626   0.04418         0
    33/499     5.71G   0.04955   0.02544         0   0.07499        40       448    0.7292    0.1281    0.3937    0.1083   0.07985   0.06241         0
    34/499     5.71G   0.04726   0.02558         0   0.07284        40       448    0.6418    0.8681    0.8277    0.3112   0.05087   0.03617         0
    35/499     5.71G   0.04885     0.024         0   0.07285        40       448    0.6089    0.8556    0.7719    0.2775   0.05243   0.03804         0
    36/499     5.71G   0.04662   0.02425         0   0.07087        40       448    0.4301      0.51    0.4177    0.1031   0.07121   0.04655         0
    37/499     5.71G   0.04911   0.02388         0     0.073        40       448    0.5867    0.8481    0.7202    0.2387   0.05198   0.03581         0
    38/499     5.71G   0.04576   0.02357         0   0.06933        40       448    0.7502    0.7872    0.8201    0.3005   0.05212   0.04057         0
    39/499     5.71G   0.04749   0.02403         0   0.07152        40       448    0.5515    0.8239    0.6527    0.2057   0.05782    0.0381         0
    40/499     5.71G   0.04563   0.02361         0   0.06924        40       448    0.5416    0.8706    0.7635    0.2754   0.05284   0.03541         0
    41/499     5.71G   0.04676   0.02435         0   0.07111        40       448    0.4938    0.8723     0.644    0.1841   0.05533    0.0325         0
    42/499     5.71G   0.04613   0.02315         0   0.06928        40       448    0.5503     0.808    0.6497    0.2035   0.05374   0.04142         0
    43/499     5.71G   0.04486   0.02356         0   0.06842        40       448    0.7369    0.6452    0.7372    0.3137   0.06557   0.04292         0
    44/499     5.71G    0.0422   0.02201         0   0.06421        40       448    0.4737    0.7295    0.5497    0.1615   0.05846   0.04353         0
    45/499     5.71G   0.04217    0.0218         0   0.06397        40       448     0.545     0.612    0.6077    0.1622   0.06406   0.04058         0
    46/499     5.71G   0.04297   0.02234         0   0.06531        40       448    0.6459    0.6352    0.6532    0.2797   0.05941   0.03986         0
    47/499     5.71G   0.04056   0.02157         0   0.06213        40       448    0.5489    0.8764    0.6588    0.2064   0.04896   0.03404         0
    48/499     5.71G   0.04065   0.02116         0   0.06181        40       448    0.6083    0.9499    0.8894    0.3762   0.04092   0.02486         0
    49/499     5.71G   0.03988   0.02105         0   0.06093        40       448    0.6539    0.8405    0.7876    0.2887   0.05185   0.04061         0
    50/499     5.71G   0.04114    0.0214         0   0.06255        40       448     0.528    0.8598    0.7693    0.3065   0.05032   0.03288         0
    51/499     5.71G   0.03951   0.02031         0   0.05982        40       448    0.6751    0.9115    0.8517    0.4044   0.04371    0.0277         0
    52/499     5.71G   0.03744   0.02046         0    0.0579        40       448    0.6596    0.8653    0.8566    0.3674   0.04746   0.03117         0
    53/499     5.71G   0.03758   0.01935         0   0.05693        40       448     0.631    0.9466    0.8964    0.3703   0.04524   0.02628         0
    54/499     5.71G    0.0356   0.01885         0   0.05445        40       448    0.6101    0.9424    0.8619    0.3358    0.0475   0.03022         0
    55/499     5.71G   0.03608   0.01867         0   0.05474        40       448    0.7106    0.6333    0.6825     0.239   0.06212   0.05587         0
    56/499     5.71G   0.03686   0.01926         0   0.05612        40       448    0.6675    0.7037    0.7087    0.2482   0.05886   0.05263         0
    57/499     5.71G   0.03765   0.01965         0    0.0573        40       448    0.5035    0.8873    0.7605    0.2416   0.05501    0.0335         0
    58/499     5.71G    0.0353   0.01897         0   0.05427        40       448    0.6556    0.9032    0.8738    0.3418   0.04869   0.03022         0
    59/499     5.71G   0.03493    0.0187         0   0.05363        40       448    0.5917    0.7871    0.7523     0.344   0.05299   0.04781         0
    60/499     5.71G   0.03609   0.01884         0   0.05493        40       448    0.6396    0.9324     0.867    0.4497   0.04203   0.02551         0
    61/499     5.71G   0.03432   0.01866         0   0.05297        40       448    0.8293    0.1582    0.4513    0.1408    0.0725   0.09862         0
    62/499     5.71G   0.03418   0.01835         0   0.05253        40       448    0.7489    0.2614    0.4409    0.1387   0.07687    0.0694         0
    63/499     5.71G    0.0355   0.01932         0   0.05482        40       448    0.6832    0.5693     0.611    0.2728   0.05985   0.04854         0
    64/499     5.71G   0.03393   0.01856         0   0.05249        40       448     0.785    0.8172    0.8455    0.3718   0.04739   0.04496         0
    65/499     5.71G   0.03237   0.01738         0   0.04974        40       448    0.7011    0.7987    0.7639     0.297   0.05052   0.04568         0
    66/499     5.71G   0.03434   0.01817         0   0.05251        40       448    0.7005    0.9307    0.9154    0.4264   0.04077   0.03356         0
    67/499     5.71G    0.0311   0.01651         0   0.04761        40       448    0.8118     0.924    0.9296     0.484   0.03906   0.03363         0
    68/499     5.71G   0.03034    0.0166         0   0.04694        40       448    0.9103    0.7721    0.9018    0.4049   0.04675   0.04994         0
    69/499     5.71G   0.02864   0.01626         0   0.04491        40       448    0.8021     0.914    0.9308    0.5005   0.03759   0.02522         0
    70/499     5.71G   0.02725   0.01509         0   0.04234        40       448    0.8586    0.9424    0.9538    0.4976     0.037   0.02715         0
    71/499     5.71G   0.02916   0.01544         0    0.0446        40       448    0.7928    0.9599    0.9626    0.4914   0.03597   0.02351         0
    72/499     5.71G   0.02971   0.01619         0    0.0459        40       448    0.7682    0.9808    0.9789    0.4928    0.0346   0.02009         0
    73/499     5.71G   0.02833   0.01552         0   0.04385        40       448    0.8346    0.9708    0.9636    0.5406   0.03474   0.02421         0
    74/499     5.71G    0.0294    0.0155         0    0.0449        40       448    0.8072    0.9666    0.9432    0.5264   0.03432   0.02667         0
    75/499     5.71G   0.02816   0.01547         0   0.04363        40       448    0.8165     0.975      0.97     0.489   0.03643   0.02091         0
    76/499     5.71G   0.02757   0.01556         0   0.04313        40       448    0.7781    0.9616    0.9634    0.4888   0.03606   0.02162         0
    77/499     5.71G   0.02986   0.01669         0   0.04656        40       448    0.7494    0.9115     0.921    0.4166   0.03959   0.02748         0
    78/499     5.71G   0.02997   0.01762         0    0.0476        40       448    0.8069    0.9424    0.9456    0.5001   0.04037   0.02863         0
    79/499     5.71G   0.02753    0.0163         0   0.04382        40       448    0.8389    0.9001    0.9247    0.5163   0.03943   0.03289         0
    80/499     5.71G   0.02803   0.01616         0   0.04419        40       448    0.8744    0.9282    0.9617    0.5786   0.03907   0.03484         0
    81/499     5.71G    0.0266   0.01526         0   0.04186        40       448    0.8637    0.9474    0.9693     0.616    0.0339   0.02285         0
    82/499     5.71G   0.02596   0.01475         0    0.0407        40       448    0.7146    0.9666    0.9507    0.4908   0.03773   0.02575         0
    83/499     5.71G   0.02686   0.01511         0   0.04197        40       448    0.7614    0.9215    0.9297    0.4244   0.04174   0.02472         0
    84/499     5.71G    0.0262   0.01471         0   0.04091        40       448    0.8725    0.8472    0.9159    0.4363   0.04426   0.04186         0
    85/499     5.71G    0.0298   0.01561         0   0.04541        40       448    0.8794    0.9541    0.9693    0.4361   0.03941   0.02239         0
    86/499     5.71G   0.02926   0.01554         0    0.0448        40       448    0.8224    0.9725    0.9767    0.4351   0.04175   0.02241         0
    87/499     5.71G   0.03178   0.01626         0   0.04804        40       448    0.6439     0.985     0.945    0.5285   0.03895    0.0209         0
    88/499     5.71G   0.03193   0.01725         0   0.04918        40       448    0.5755    0.9098    0.7564    0.3263   0.04638   0.03303         0
    89/499     5.71G   0.02978   0.01636         0   0.04614        40       448    0.7543    0.9815    0.9721    0.5653   0.03284   0.02367         0
    90/499     5.71G    0.0304    0.0168         0    0.0472        40       448    0.8194    0.9758    0.9771    0.5849   0.03265   0.02285         0
    91/499     5.71G   0.02667   0.01567         0   0.04235        40       448    0.8172    0.9491     0.955    0.5109   0.03384   0.02371         0
    92/499     5.71G   0.02224   0.01348         0   0.03572        40       448    0.8053    0.9833    0.9661    0.5388   0.03187   0.02133         0
    93/499     5.71G   0.02437   0.01389         0   0.03826        40       448    0.7238      0.98    0.9586    0.4931   0.03331   0.01948         0
    94/499     5.71G   0.02352   0.01337         0   0.03689        40       448    0.8785    0.8481    0.9156    0.4707   0.04343   0.04977         0
    95/499     5.71G   0.02449   0.01354         0   0.03803        40       448    0.8143    0.9629     0.958    0.5482   0.03638   0.02103         0
    96/499     5.71G    0.0295   0.01518         0   0.04468        40       448    0.8357      0.98    0.9804    0.6088   0.03082   0.01964         0
    97/499     5.71G   0.02261   0.01351         0   0.03612        40       448    0.8758      0.99    0.9881    0.6808   0.02687   0.01693         0
    98/499     5.71G   0.02204   0.01317         0   0.03521        40       448    0.8253    0.9908    0.9673    0.6384     0.028   0.01989         0
    99/499     5.71G   0.02374   0.01371         0   0.03745        40       448    0.7763    0.9624    0.9186    0.5581   0.03259   0.02184         0
   100/499     5.71G   0.02626   0.01415         0   0.04042        40       448    0.8915    0.9791    0.9861    0.6239   0.02798   0.01834         0
   101/499     5.71G   0.02455   0.01435         0   0.03889        40       448    0.8841    0.9733    0.9839     0.554   0.03279   0.02424         0
   102/499     5.71G    0.0246   0.01451         0    0.0391        40       448    0.8109    0.9833    0.9676    0.5826   0.03196   0.02268         0
   103/499     5.71G   0.02196   0.01326         0   0.03522        40       448    0.8275    0.9641    0.9659    0.5809   0.03321    0.0205         0
   104/499     5.71G   0.02134   0.01255         0   0.03389        40       448    0.8891    0.9608    0.9474     0.597   0.03105   0.01968         0
   105/499     5.71G   0.02593   0.01437         0    0.0403        40       448    0.8137    0.9771    0.9419    0.5433   0.03044   0.01822         0
   106/499     5.71G   0.02597    0.0144         0   0.04037        40       448    0.8059    0.9925    0.9833    0.5934   0.03155   0.01781         0
   107/499     5.71G   0.02404   0.01411         0   0.03814        40       448    0.7402    0.9883    0.9521     0.545   0.03366    0.0212         0
   108/499     5.71G   0.02414   0.01418         0   0.03832        40       448    0.7544    0.9516     0.954    0.5669   0.03433    0.0218         0
   109/499     5.71G   0.02397   0.01392         0   0.03789        40       448    0.7633    0.9766    0.9678    0.5813   0.03277   0.02028         0
   110/499     5.71G    0.0236   0.01341         0   0.03701        40       448    0.8432    0.9449     0.961    0.5593   0.03388   0.02395         0
   111/499     5.71G    0.0201     0.012         0    0.0321        40       448    0.8845         1    0.9915    0.6259   0.02802    0.0175         0
   112/499     5.71G   0.01993   0.01199         0   0.03192        40       448    0.9019    0.9808    0.9879    0.6304   0.02821    0.0171         0
   113/499     5.71G   0.01871    0.0115         0   0.03021        40       448    0.8866    0.9908    0.9884    0.5928   0.03207   0.02145         0
   114/499     5.71G   0.02248   0.01277         0   0.03525        40       448    0.8518     0.985    0.9789    0.6177   0.02968   0.01811         0
   115/499     5.71G   0.02153   0.01247         0     0.034        40       448    0.8539    0.9866    0.9757    0.5603   0.03321   0.01948         0
   116/499     5.71G    0.0222   0.01268         0   0.03489        40       448    0.8372    0.9866     0.981    0.5219   0.03506   0.01806         0
   117/499     5.71G   0.02682   0.01454         0   0.04136        40       448      0.86    0.9883    0.9886     0.543   0.03268   0.01957         0
   118/499     5.71G   0.02409   0.01309         0   0.03718        40       448    0.7412    0.9791    0.9544     0.542   0.03321   0.02162         0
   119/499     5.71G    0.0191   0.01158         0   0.03069        40       448    0.8278    0.9624    0.9697    0.5648   0.03036   0.01838         0
   120/499     5.71G   0.01962   0.01163         0   0.03124        40       448     0.841    0.9624    0.9655     0.555   0.03354   0.02397         0
   121/499     5.71G    0.0212   0.01276         0   0.03395        40       448    0.8179    0.9967    0.9865    0.5772   0.02945   0.01761         0
   122/499     5.71G   0.01909   0.01179         0   0.03087        40       448     0.809    0.9933    0.9515    0.4967    0.0311    0.0174         0
   123/499     5.71G   0.02083   0.01239         0   0.03321        40       448     0.711    0.9836    0.8915    0.4317   0.03544   0.02017         0
   124/499     5.71G   0.02274   0.01288         0   0.03562        40       448    0.8207    0.9917    0.9875    0.5764   0.02887   0.01652         0
   125/499     5.71G   0.02351   0.01284         0   0.03634        40       448    0.7844    0.9482      0.94    0.4515   0.03711   0.02243         0
   126/499     5.71G    0.0224   0.01253         0   0.03493        40       448     0.849    0.9883    0.9823    0.5672   0.03167   0.01745         0
   127/499     5.71G   0.02566   0.01295         0   0.03861        40       448    0.7604     0.914    0.8939    0.4869   0.03725   0.03488         0
   128/499     5.71G   0.02391   0.01294         0   0.03685        40       448    0.7653    0.9624    0.9405    0.4988   0.03395   0.02164         0
   129/499     5.71G   0.02667   0.01504         0   0.04171        40       448    0.8665     0.995    0.9865    0.5239   0.03047    0.0197         0
   130/499     5.71G    0.0213   0.01329         0   0.03459        40       448    0.7832     0.995    0.9729     0.532   0.03448   0.02007         0
   131/499     5.71G   0.02228   0.01326         0   0.03555        40       448    0.6944    0.9883    0.9563    0.4454   0.03907   0.01953         0
   132/499     5.71G   0.02549   0.01377         0   0.03926        40       448    0.7245    0.9716    0.9593    0.4381   0.03718   0.01915         0
   133/499     5.71G   0.02595   0.01433         0   0.04028        40       448    0.5849     0.924    0.8664    0.4064   0.04464   0.02542         0
   134/499     5.71G   0.02415   0.01402         0   0.03817        40       448    0.8123    0.9633    0.9647    0.5764    0.0332   0.02007         0
   135/499     5.71G   0.02569   0.01469         0   0.04038        40       448    0.7929    0.9883    0.9849    0.5428   0.03088   0.01912         0
   136/499     5.71G   0.02467   0.01508         0   0.03975        40       448    0.7468     0.995    0.9763    0.5717   0.03809   0.02131         0
   137/499     5.71G   0.02846   0.01581         0   0.04427        40       448    0.6844     0.975    0.9412    0.5465   0.03769   0.02277         0
   138/499     5.71G   0.02856   0.01571         0   0.04427        40       448    0.6352      0.98    0.9339    0.5077   0.03782   0.02179         0
   139/499     5.71G   0.02428   0.01472         0     0.039        40       448    0.6023     0.919    0.8262    0.4253   0.04538   0.02544         0
   140/499     5.71G   0.02577   0.01487         0   0.04063        40       448    0.7847    0.9967    0.9765     0.605   0.03001   0.01738         0
   141/499     5.71G   0.02789   0.01555         0   0.04343        40       448    0.8387    0.9616    0.9644    0.5847   0.03559   0.02315         0
   142/499     5.71G   0.02714   0.01605         0    0.0432        40       448    0.8571    0.9958    0.9901    0.6306   0.03257   0.02116         0
   143/499     5.71G   0.02582   0.01534         0   0.04116        40       448    0.8557    0.9866    0.9879    0.6359   0.03361   0.02041         0
   144/499     5.71G   0.02275   0.01374         0   0.03649        40       448    0.8056    0.9875    0.9801    0.5987   0.03662   0.02083         0
   145/499     5.71G    0.0237   0.01368         0   0.03739        40       448     0.736    0.9933     0.971    0.6722   0.03395   0.01877         0
   146/499     5.71G   0.02554   0.01449         0   0.04003        40       448    0.8034    0.9816    0.9653    0.6167   0.03135   0.01865         0
   147/499     5.71G   0.03028   0.01677         0   0.04705        40       448    0.8755    0.9583    0.9756    0.4755   0.04067    0.0233         0
   148/499     5.71G   0.03374   0.01712         0   0.05086        40       448    0.6516    0.9733    0.9557    0.5652   0.04259   0.02459         0
   149/499     5.71G    0.0296   0.01609         0    0.0457        40       448    0.8107      0.98    0.9817    0.6233   0.03243    0.0199         0
   150/499     5.71G   0.01861   0.01233         0   0.03094        40       448     0.835    0.9457    0.9681    0.6728   0.03411   0.01977         0
   151/499     5.71G   0.01697   0.01149         0   0.02845        40       448    0.8892    0.9925    0.9918    0.7288   0.02484   0.01591         0
   152/499     5.71G   0.01589   0.01038         0   0.02627        40       448    0.9106    0.9725    0.9872    0.7013   0.02508   0.01701         0
   153/499     5.71G   0.01562   0.01004         0   0.02566        40       448    0.8885    0.9833    0.9906    0.7303   0.02252   0.01466         0
   154/499     5.71G   0.01569  0.009932         0   0.02562        40       448    0.9323    0.9908    0.9929    0.7454   0.02124   0.01381         0
   155/499     5.71G   0.01487  0.009813         0   0.02469        40       448    0.9095    0.9925    0.9936    0.7525    0.0209    0.0134         0
   156/499     5.71G   0.01579  0.009816         0   0.02561        40       448    0.9315    0.9616    0.9852    0.6956   0.02511   0.01626         0
   157/499     5.71G   0.01529  0.009944         0   0.02523        40       448      0.93    0.9868    0.9927    0.7346   0.02223   0.01422         0
   158/499     5.71G   0.01524  0.009727         0   0.02496        40       448     0.931    0.9917    0.9926    0.7149   0.02309   0.01465         0
   159/499     5.71G   0.01727   0.01073         0     0.028        40       448    0.9447    0.9983     0.995    0.7356   0.02104   0.01342         0
   160/499     5.71G   0.01614   0.00999         0   0.02613        40       448    0.9508     0.995    0.9954    0.7636    0.0193    0.0124         0
   161/499     5.71G   0.01527  0.009572         0   0.02484        40       448    0.9617    0.9933    0.9955    0.7349   0.02242    0.0147         0
   162/499     5.71G   0.01647   0.01001         0   0.02648        40       448    0.9408    0.9942    0.9943     0.741   0.02305    0.0153         0
   163/499     5.71G   0.01602  0.009924         0   0.02595        40       448    0.9132    0.9917    0.9927    0.7334    0.0232   0.01441         0
   164/499     5.71G   0.01649   0.01008         0   0.02656        40       448    0.9015      0.99    0.9907    0.6973   0.02575   0.01648         0
   165/499     5.71G   0.01598   0.01019         0   0.02617        40       448    0.9282    0.9928     0.993     0.728    0.0232   0.01477         0
   166/499     5.71G   0.01601   0.01044         0   0.02645        40       448    0.9249    0.9867    0.9915    0.7356   0.02407   0.01644         0
   167/499     5.71G   0.01692   0.01096         0   0.02788        40       448     0.876     0.995    0.9893     0.725   0.02742   0.01787         0
   168/499     5.71G   0.01831   0.01177         0   0.03008        40       448    0.8004    0.9758    0.9745    0.6583   0.03494   0.02309         0
   169/499     5.71G   0.02129   0.01317         0   0.03446        40       448    0.7624    0.9908    0.9737     0.646   0.03567    0.0204         0
   170/499     5.71G   0.02484   0.01507         0   0.03991        40       448    0.8696    0.9891    0.9896    0.6793   0.02954   0.01816         0
   171/499     5.71G   0.02944   0.01612         0   0.04555        40       448    0.8969    0.9925    0.9919    0.7355   0.02674   0.01905         0
   172/499     5.71G   0.02357   0.01434         0   0.03791        40       448    0.8881    0.9925    0.9927    0.6664    0.0307   0.02108         0
   173/499     5.71G    0.0173   0.01149         0   0.02879        40       448    0.8762    0.9917    0.9921    0.7439   0.02708   0.01675         0
   174/499     5.71G   0.01445  0.009722         0   0.02417        40       448    0.8969    0.9708    0.9873     0.749    0.0249   0.01622         0
   175/499     5.71G   0.01466  0.009473         0   0.02414        40       448    0.8896    0.9684    0.9849    0.7017     0.025   0.01603         0
   176/499     5.71G   0.01306  0.009065         0   0.02213        40       448    0.9221    0.9908    0.9923    0.7393   0.02207   0.01479         0
   177/499     5.71G   0.01328  0.008922         0   0.02221        40       448    0.9288     0.975    0.9906    0.7108   0.02347   0.01507         0
   178/499     5.71G   0.01433  0.009203         0   0.02353        40       448    0.9232    0.9917    0.9928    0.7376   0.02079   0.01302         0
   179/499     5.71G    0.0166   0.00944         0   0.02604        40       448    0.9359    0.9917    0.9921    0.7392   0.02159   0.01367         0
   180/499     5.71G   0.01487  0.009402         0   0.02427        40       448    0.9226    0.9933    0.9916    0.7341   0.02017   0.01332         0
   181/499     5.71G   0.01356  0.009281         0   0.02284        40       448    0.9687    0.9967    0.9959    0.7944    0.0171   0.01174         0
   182/499     5.71G   0.01332  0.009139         0   0.02246        40       448    0.9468    0.9958    0.9928    0.7742   0.01914   0.01275         0
   183/499     5.71G   0.01414  0.009281         0   0.02343        40       448    0.9533      0.98    0.9926    0.7524   0.02098   0.01482         0
   184/499     5.71G   0.01441  0.009348         0   0.02376        40       448    0.9621      0.98    0.9934    0.7413   0.02243   0.01613         0
   185/499     5.71G   0.01459   0.00943         0   0.02402        40       448    0.9479    0.9717    0.9914    0.7174   0.02384   0.01674         0
   186/499     5.71G   0.01704   0.01059         0   0.02763        40       448     0.912    0.9771      0.99     0.742   0.02361   0.01596         0
   187/499     5.71G    0.0182   0.01087         0   0.02907        40       448    0.9416    0.9963    0.9939    0.7107   0.02282   0.01578         0
   188/499     5.71G   0.01465  0.009595         0   0.02425        40       448    0.9403    0.9975    0.9947    0.6883   0.02262   0.01483         0
   189/499     5.71G   0.01348   0.00925         0   0.02273        40       448    0.9593    0.9942     0.995    0.7029   0.02382   0.01555         0
   190/499     5.71G    0.0153   0.01024         0   0.02555        40       448    0.9576    0.9975    0.9956    0.7335   0.02295   0.01486         0
   191/499     5.71G   0.01735   0.01059         0   0.02794        40       448    0.9546    0.9825    0.9938      0.75   0.02304   0.01589         0
   192/499     5.71G   0.01774   0.01044         0   0.02818        40       448    0.9094    0.9866     0.989    0.7223   0.02379   0.01563         0
   193/499     5.71G   0.01569   0.01007         0   0.02576        40       448    0.8773    0.9788     0.984    0.7045   0.02597   0.01667         0
   194/499     5.71G   0.02078    0.0128         0   0.03358        40       448    0.9281    0.9809    0.9934    0.7132   0.02646   0.01892         0
   195/499     5.71G   0.02252    0.0137         0   0.03621        40       448    0.9257    0.9808     0.992    0.7308   0.02542   0.01847         0
   196/499     5.71G   0.01795    0.0118         0   0.02975        40       448    0.8642    0.9958    0.9917    0.7299   0.02646   0.01767         0
   197/499     5.71G   0.01499    0.0103         0   0.02529        40       448    0.8556    0.9883    0.9887    0.7094   0.02622   0.01579         0
   198/499     5.71G   0.01451  0.009883         0   0.02439        40       448    0.9043    0.9925    0.9926    0.7332   0.02465   0.01543         0
   199/499     5.71G   0.01538   0.01031         0   0.02569        40       448    0.7878    0.9082      0.94    0.6499   0.03782   0.02022         0
   200/499     5.71G   0.01694   0.01163         0   0.02857        40       448    0.8693    0.9816    0.9906    0.7204   0.02859   0.01713         0
   201/499     5.71G   0.01789   0.01182         0   0.02971        40       448    0.8345    0.9725    0.9872    0.6922   0.03101   0.01809         0
   202/499     5.71G   0.02161   0.01334         0   0.03495        40       448    0.8656      0.99    0.9911     0.646   0.03138   0.01744         0
   203/499     5.71G   0.02421    0.0144         0    0.0386        40       448    0.8498    0.9716    0.9844    0.5887   0.03734   0.01895         0
   204/499     5.71G   0.02425   0.01361         0   0.03786        40       448    0.8749     0.995    0.9877    0.6431   0.03079   0.01699         0
   205/499     5.71G   0.02595   0.01493         0   0.04088        40       448    0.9492    0.9958    0.9951    0.6691   0.02702   0.01628         0
   206/499     5.71G   0.02296   0.01419         0   0.03715        40       448    0.9401    0.9828    0.9924    0.6429   0.02904   0.01865         0
   207/499     5.71G    0.0216   0.01311         0    0.0347        40       448    0.9519    0.9744    0.9922     0.676   0.02892   0.01926         0
   208/499     5.71G    0.0209   0.01235         0   0.03325        40       448    0.9296    0.9674    0.9869     0.677   0.02865   0.01898         0
   209/499     5.71G   0.02286   0.01351         0   0.03637        40       448    0.9408    0.9608    0.9881    0.7021   0.02681   0.02035         0
   210/499     5.71G   0.01918   0.01243         0   0.03161        40       448    0.9242    0.9858     0.992    0.7342   0.02456   0.01657         0
   211/499     5.71G   0.02217   0.01355         0   0.03571        40       448    0.8867    0.9833    0.9882    0.7218   0.03023   0.01866         0
   212/499     5.71G   0.03073   0.01671         0   0.04743        40       448    0.9093    0.9666    0.9858     0.721   0.02909   0.02104         0
   213/499     5.71G   0.02365   0.01383         0   0.03748        40       448    0.8966    0.9808    0.9917     0.722   0.02714   0.02095         0
   214/499     5.71G    0.0174   0.01122         0   0.02863        40       448    0.8951    0.9716    0.9888    0.7299    0.0279    0.0189         0
   215/499     5.71G   0.01805   0.01223         0   0.03028        40       448     0.866    0.9602    0.9793    0.7228   0.03073   0.02052         0
   216/499     5.71G   0.01765   0.01209         0   0.02974        40       448    0.7461    0.9616    0.9671    0.7095   0.03785   0.02151         0
   217/499     5.71G   0.02467   0.01504         0   0.03972        40       448    0.7807    0.9875    0.9859    0.6606   0.03576   0.02232         0
   218/499     5.71G   0.02285   0.01416         0   0.03701        40       448    0.8794    0.9917    0.9902    0.7275   0.02602   0.01729         0
   219/499     5.71G   0.01893    0.0118         0   0.03073        40       448    0.9067    0.9487    0.9784    0.6601   0.02921   0.02088         0
   220/499     5.71G   0.01521   0.01032         0   0.02553        40       448    0.9206    0.9816    0.9913    0.7271   0.02526   0.01694         0
   221/499     5.71G   0.01456   0.01046         0   0.02502        40       448    0.8893    0.9658    0.9829    0.7005   0.03007   0.02072         0
   222/499     5.71G   0.01434   0.01054         0   0.02488        40       448    0.8577      0.99    0.9888    0.7543   0.02718   0.01647         0
   223/499     5.71G   0.01776   0.01208         0   0.02984        40       448    0.7398    0.9777    0.9721    0.7349   0.03354   0.01918         0
   224/499     5.71G   0.02142   0.01332         0   0.03473        40       448    0.8453    0.9958    0.9906    0.7964   0.02551   0.01614         0
   225/499     5.71G   0.01765   0.01201         0   0.02965        40       448    0.8407    0.9758    0.9834    0.7626   0.02782   0.01954         0
   226/499     5.71G   0.01555   0.01078         0   0.02633        40       448    0.8688    0.9975    0.9932    0.7663   0.02463   0.01595         0
   227/499     5.71G   0.01677   0.01095         0   0.02772        40       448    0.8773    0.9958    0.9918    0.7746    0.0239   0.01634         0
   228/499     5.71G   0.01685   0.01073         0   0.02758        40       448    0.8947    0.9908      0.99    0.7533   0.02415   0.01592         0
   229/499     5.71G    0.0178   0.01185         0   0.02965        40       448    0.9301    0.9875    0.9919    0.7377   0.02468   0.01653         0
   230/499     5.71G   0.01721   0.01156         0   0.02876        40       448    0.9424    0.9908    0.9944    0.7365    0.0239   0.01605         0
   231/499     5.71G   0.01769   0.01124         0   0.02894        40       448    0.9114    0.9883    0.9924    0.7335   0.02444   0.01643         0
   232/499     5.71G   0.01856   0.01231         0   0.03087        40       448    0.9257    0.9958    0.9929    0.7478   0.02308   0.01488         0
   233/499     5.71G   0.02051   0.01311         0   0.03362        40       448    0.9348    0.9925    0.9904    0.7489   0.02483   0.01644         0
   234/499     5.71G   0.01953    0.0128         0   0.03234        40       448    0.9389    0.9975     0.995    0.7713   0.02336   0.01619         0
   235/499     5.71G   0.01795   0.01207         0   0.03002        40       448    0.9324    0.9808    0.9917     0.765   0.02386   0.01664         0
   236/499     5.71G   0.01752   0.01168         0   0.02919        40       448    0.9431    0.9816    0.9923    0.7745   0.02257   0.01528         0
   237/499     5.71G   0.01733   0.01123         0   0.02856        40       448    0.9405    0.9762    0.9928    0.7352   0.02347   0.01497         0
   238/499     5.71G   0.01834   0.01166         0      0.03        40       448     0.941     0.985    0.9938    0.7187   0.02527   0.01553         0
   239/499     5.71G   0.01996   0.01174         0   0.03169        40       448    0.9675    0.9967    0.9961    0.7334   0.02332   0.01503         0
   240/499     5.71G   0.01783   0.01133         0   0.02916        40       448    0.9476    0.9942    0.9942    0.7576   0.02285   0.01488         0
   241/499     5.71G   0.01635   0.01139         0   0.02774        40       448    0.8964    0.9766    0.9875    0.7785   0.02602   0.01605         0
   242/499     5.71G   0.01955    0.0137         0   0.03326        40       448    0.9262    0.9891    0.9926    0.8044   0.02347   0.01545         0
   243/499     5.71G   0.01688   0.01212         0     0.029        40       448    0.9494    0.9808    0.9935    0.7865   0.02515   0.01969         0
   244/499     5.71G   0.01317  0.009844         0   0.02302        40       448    0.9568    0.9908    0.9956    0.8012    0.0216   0.01619         0
   245/499     5.71G   0.01257  0.008655         0   0.02123        40       448    0.9562     0.985     0.995    0.7999   0.01952   0.01423         0
   246/499     5.71G   0.01293  0.008472         0   0.02141        40       448    0.9521    0.9891    0.9949    0.8025   0.01806   0.01275         0
   247/499     5.71G   0.01198   0.00793         0   0.01991        40       448    0.9558    0.9975    0.9955     0.801   0.01708   0.01203         0
   248/499     5.71G   0.01104   0.00781         0   0.01885        40       448    0.9489    0.9983    0.9953    0.8035   0.01676   0.01203         0
   249/499     5.71G   0.01104  0.008128         0   0.01917        40       448    0.9439         1    0.9952     0.798   0.01702   0.01181         0
   250/499     5.71G   0.01111  0.008239         0   0.01935        40       448    0.9644    0.9992     0.996    0.7992   0.01738   0.01216         0
   251/499     5.71G   0.01303  0.009087         0   0.02211        40       448    0.9447     0.995    0.9948    0.7888   0.01832   0.01245         0
   252/499     5.71G   0.01425  0.009863         0   0.02411        40       448    0.9623    0.9933    0.9955    0.8168   0.01677   0.01175         0
   253/499     5.71G   0.01128  0.008323         0    0.0196        40       448    0.9658    0.9914    0.9959    0.8222   0.01678   0.01194         0
   254/499     5.71G   0.01064  0.007857         0   0.01849        40       448    0.9705    0.9883    0.9959    0.8179   0.01755   0.01261         0
   255/499     5.71G   0.01132   0.00817         0   0.01949        40       448    0.9594    0.9967    0.9961    0.8056   0.01788   0.01228         0
   256/499     5.71G   0.01396  0.009388         0   0.02335        40       448    0.9566    0.9943    0.9958    0.7848   0.01874   0.01278         0
   257/499     5.71G    0.0124  0.008599         0     0.021        40       448    0.9645    0.9983    0.9962    0.7842   0.01865   0.01272         0
   258/499     5.71G   0.01138  0.008369         0   0.01975        40       448    0.9674    0.9942    0.9962    0.7775   0.01919   0.01346         0
   259/499     5.71G   0.01139  0.008088         0   0.01948        40       448    0.9704    0.9975    0.9961    0.7772   0.01878   0.01286         0
   260/499     5.71G   0.01074  0.007566         0   0.01831        40       448    0.9705    0.9908    0.9956    0.7826   0.01869   0.01277         0
   261/499     5.71G    0.0109  0.007817         0   0.01872        40       448     0.967      0.99    0.9952    0.7904   0.01814   0.01231         0
   262/499     5.71G   0.01105  0.007749         0    0.0188        40       448    0.9642    0.9897    0.9956    0.7796   0.01898   0.01298         0
   263/499     5.71G   0.01217  0.008129         0    0.0203        40       448    0.9625    0.9883    0.9955    0.7678   0.01939   0.01345         0
   264/499     5.71G   0.01359  0.009533         0   0.02313        40       448    0.9681    0.9873    0.9952    0.7647   0.01971   0.01424         0
   265/499     5.71G   0.01408  0.009743         0   0.02383        40       448    0.9629    0.9958    0.9958    0.7701   0.01995    0.0141         0
   266/499     5.71G   0.01472  0.009692         0   0.02441        40       448    0.9584    0.9942    0.9952    0.7567   0.02012   0.01385         0
   267/499     5.71G   0.01711   0.01136         0   0.02847        40       448     0.966     0.995    0.9943    0.7524   0.02087   0.01507         0
   268/499     5.71G   0.02006   0.01173         0   0.03179        40       448     0.961     0.985    0.9945     0.749   0.02257   0.01774         0
   269/499     5.71G    0.0175   0.01077         0   0.02827        40       448     0.962      0.99    0.9959    0.7791   0.02063   0.01437         0
   270/499     5.71G   0.01519  0.009824         0   0.02501        40       448    0.9567    0.9891    0.9949     0.782   0.01946   0.01324         0
   271/499     5.71G   0.01636   0.01038         0   0.02674        40       448     0.957    0.9917    0.9947    0.7754   0.01961   0.01328         0
   272/499     5.71G   0.01968   0.01246         0   0.03215        40       448    0.9508    0.9883    0.9921    0.7151   0.02228    0.0148         0
   273/499     5.71G   0.01791   0.01168         0    0.0296        40       448    0.9501    0.9859    0.9921    0.7207   0.02319   0.01516         0
   274/499     5.71G   0.01639   0.01053         0   0.02692        40       448    0.9564    0.9758    0.9916    0.7094   0.02464   0.01638         0
   275/499     5.71G   0.01691   0.01098         0   0.02789        40       448     0.969    0.9741    0.9928     0.699   0.02501    0.0167         0
   276/499     5.71G   0.01929    0.0126         0   0.03189        40       448     0.974    0.9866    0.9949    0.6797   0.02509   0.01651         0
   277/499     5.71G   0.01969   0.01244         0   0.03213        40       448    0.9583      0.98    0.9922    0.6837   0.02499   0.01658         0
   278/499     5.71G   0.01731   0.01184         0   0.02915        40       448    0.9396    0.9825    0.9935     0.721   0.02632   0.01676         0
   279/499     5.71G   0.02191   0.01432         0   0.03623        40       448    0.8947    0.9474    0.9831    0.7334   0.03168   0.02205         0
   280/499     5.71G   0.01877    0.0122         0   0.03097        40       448    0.9567    0.9777    0.9947    0.7883   0.02267   0.01677         0
   281/499     5.71G   0.01485  0.009983         0   0.02483        40       448    0.9501    0.9691    0.9928    0.7934     0.024   0.01766         0
   282/499     5.71G   0.01562   0.01021         0   0.02583        40       448    0.9016    0.9791    0.9895    0.7698   0.02569   0.01657         0
   283/499     5.71G   0.01553   0.01018         0   0.02572        40       448    0.9166    0.9883    0.9936     0.771   0.02354    0.0152         0
   284/499     5.71G   0.01295  0.009176         0   0.02213        40       448    0.9201      0.99    0.9932    0.7713   0.02299   0.01499         0
   285/499     5.71G   0.01035  0.008199         0   0.01855        40       448    0.9237    0.9992     0.995    0.8049   0.01973   0.01326         0
   286/499     5.71G   0.01083  0.008564         0    0.0194        40       448    0.9382         1    0.9954    0.8051   0.01893   0.01282         0
   287/499     5.71G   0.01625   0.01161         0   0.02786        40       448    0.9523         1    0.9956    0.8119   0.01831   0.01266         0
   288/499     5.71G   0.01866    0.0127         0   0.03136        40       448     0.951    0.9967    0.9957    0.7944   0.02057   0.01527         0
   289/499     5.71G   0.02076   0.01208         0   0.03284        40       448    0.9498     0.994    0.9958    0.8005   0.02055   0.01423         0
   290/499     5.71G   0.01476   0.01023         0   0.02499        40       448    0.9488    0.9833    0.9941    0.8027   0.02051   0.01461         0
   291/499     5.71G  0.009925  0.008095         0   0.01802        40       448     0.963    0.9858     0.995    0.8123     0.019   0.01376         0
   292/499     5.71G  0.007012  0.006208         0   0.01322        40       448    0.9535    0.9967    0.9955    0.8176   0.01746   0.01224         0
   293/499     5.71G    0.0072  0.005987         0   0.01319        40       448    0.9553     0.999    0.9959     0.822   0.01679   0.01154         0
   294/499     5.71G  0.008361  0.006433         0   0.01479        40       448     0.948    0.9958    0.9949    0.8192   0.01712   0.01183         0
   295/499     5.71G  0.008387  0.006539         0   0.01493        40       448    0.9522    0.9975    0.9954    0.8271   0.01613   0.01124         0
   296/499     5.71G  0.007804  0.006365         0   0.01417        40       448    0.9663    0.9983    0.9963    0.8436   0.01449   0.01033         0
   297/499     5.71G  0.008207  0.006407         0   0.01461        40       448    0.9641    0.9992    0.9963    0.8509   0.01389  0.009906         0
   298/499     5.71G  0.008392  0.006428         0   0.01482        40       448    0.9536    0.9967    0.9957    0.8388   0.01482   0.01033         0
   299/499     5.71G  0.008794  0.006278         0   0.01507        40       448     0.956    0.9908    0.9953    0.8196   0.01596   0.01123         0
   300/499     5.71G   0.01005  0.006973         0   0.01703        40       448    0.9615    0.9891    0.9954    0.8189   0.01626   0.01149         0
   301/499     5.71G   0.00986  0.006772         0   0.01663        40       448    0.9669    0.9917     0.996    0.8253   0.01578   0.01112         0
   302/499     5.71G  0.009023  0.006497         0   0.01552        40       448     0.971    0.9942    0.9959    0.8229   0.01553   0.01103         0
   303/499     5.71G  0.009725  0.006944         0   0.01667        40       448    0.9751    0.9975    0.9961    0.8213   0.01515   0.01093         0
   304/499     5.71G     0.009  0.006604         0    0.0156        40       448    0.9731    0.9978    0.9965    0.8308   0.01458    0.0105         0
   305/499     5.71G  0.009106  0.006395         0    0.0155        40       448    0.9771    0.9974    0.9967    0.8336   0.01465   0.01048         0
   306/499     5.71G  0.008143  0.006164         0   0.01431        40       448    0.9755    0.9981    0.9967    0.8228   0.01522   0.01082         0
   307/499     5.71G  0.009033    0.0069         0   0.01593        40       448    0.9762    0.9975    0.9964    0.8146   0.01579   0.01113         0
   308/499     5.71G   0.01151  0.007743         0   0.01925        40       448    0.9735    0.9975    0.9961    0.8077   0.01613   0.01117         0
   309/499     5.71G   0.01117  0.007293         0   0.01846        40       448    0.9764    0.9967    0.9959    0.8068   0.01612   0.01115         0
   310/499     5.71G  0.009568  0.006817         0   0.01639        40       448    0.9765    0.9975    0.9958    0.8052   0.01606   0.01103         0
   311/499     5.71G  0.009928  0.007426         0   0.01735        40       448    0.9815    0.9975    0.9961    0.7906   0.01681    0.0114         0
   312/499     5.71G   0.01203  0.008752         0   0.02078        40       448     0.983    0.9958    0.9959    0.7778   0.01796   0.01223         0
   313/499     5.71G   0.01513   0.01063         0   0.02575        40       448    0.9859    0.9926     0.996    0.7521   0.01938    0.0135         0
   314/499     5.71G    0.0191   0.01302         0   0.03213        40       448    0.9856    0.9975    0.9961    0.7439   0.01997   0.01401         0
   315/499     5.71G   0.02075   0.01242         0   0.03317        40       448    0.9713    0.9975    0.9957    0.7639   0.01981   0.01403         0
   316/499     5.71G   0.01534   0.01034         0   0.02568        40       448    0.9743    0.9809    0.9958    0.7815   0.02025   0.01558         0
   317/499     5.71G   0.01051  0.007963         0   0.01847        40       448     0.968    0.9758    0.9952    0.8046   0.02042   0.01571         0
   318/499     5.71G  0.008862  0.006808         0   0.01567        40       448      0.96     0.975    0.9946    0.8043   0.02077   0.01514         0
   319/499     5.71G  0.009315  0.006769         0   0.01608        40       448    0.9608    0.9783    0.9954    0.8079   0.01979    0.0141         0
   320/499     5.71G  0.009591  0.007005         0    0.0166        40       448    0.9655    0.9825    0.9955    0.8131   0.01862    0.0132         0
   321/499     5.71G  0.009765  0.006951         0   0.01672        40       448    0.9698    0.9825    0.9958    0.8106   0.01845   0.01273         0
   322/499     5.71G  0.009869  0.007015         0   0.01688        40       448    0.9639    0.9816    0.9955    0.7893   0.02005   0.01308         0
   323/499     5.71G   0.01501  0.009396         0    0.0244        40       448     0.964    0.9841    0.9955    0.7733    0.0206   0.01331         0
   324/499     5.71G   0.01627    0.0112         0   0.02747        40       448    0.9699    0.9917    0.9963    0.7819   0.01922   0.01356         0
   325/499     5.71G   0.01403  0.009979         0   0.02401        40       448     0.981    0.9912    0.9972    0.7898   0.01907   0.01461         0
   326/499     5.71G   0.01191  0.008625         0   0.02054        40       448    0.9809    0.9871    0.9974    0.8001   0.01926    0.0149         0
   327/499     5.71G  0.009759  0.007544         0    0.0173        40       448    0.9736    0.9846    0.9965    0.7999   0.02005   0.01529         0
   328/499     5.71G  0.009317  0.006873         0   0.01619        40       448    0.9708     0.985    0.9963    0.7952   0.01986    0.0144         0
   329/499     5.71G   0.01101  0.007353         0   0.01836        40       448    0.9634    0.9891     0.996    0.7935   0.01971   0.01405         0
   330/499     5.71G   0.01237  0.007679         0   0.02005        40       448    0.9562      0.99    0.9954     0.786   0.01987   0.01364         0
   331/499     5.71G    0.0132  0.007566         0   0.02077        40       448    0.9536    0.9917    0.9953    0.7842   0.02033   0.01352         0
   332/499     5.71G    0.0126  0.007613         0   0.02021        40       448     0.944    0.9891     0.995    0.7869   0.02035   0.01327         0
   333/499     5.71G   0.01382  0.008979         0    0.0228        40       448    0.9599    0.9908    0.9956    0.8028   0.01923   0.01246         0
   334/499     5.71G   0.01409  0.009942         0   0.02403        40       448    0.9729      0.99    0.9968    0.7956   0.01824   0.01216         0
   335/499     5.71G   0.01242  0.009397         0   0.02181        40       448    0.9744    0.9933    0.9969    0.7981   0.01749    0.0123         0
   336/499     5.71G   0.01096  0.008414         0   0.01937        40       448    0.9746    0.9924    0.9968    0.7939   0.01809   0.01304         0
   337/499     5.71G  0.009841  0.007668         0   0.01751        40       448    0.9683    0.9958    0.9961    0.7969   0.01881   0.01325         0
   338/499     5.71G   0.01225   0.00901         0   0.02126        40       448     0.959     0.996    0.9957    0.7811   0.01973   0.01334         0
   339/499     5.71G   0.01546   0.01078         0   0.02624        40       448    0.9679    0.9983     0.995     0.772   0.01981   0.01323         0
   340/499     5.71G   0.01795   0.01185         0    0.0298        40       448    0.9746         1    0.9964    0.7832   0.01897   0.01308         0
   341/499     5.71G   0.01662   0.01108         0    0.0277        40       448    0.9809         1    0.9965    0.8096    0.0171    0.0125         0
   342/499     5.71G    0.0133  0.009113         0   0.02241        40       448    0.9831    0.9992    0.9966     0.827   0.01546   0.01202         0
   343/499     5.71G   0.01056  0.007571         0   0.01813        40       448    0.9824    0.9992    0.9967    0.8347   0.01462   0.01169         0
   344/499     5.71G  0.008989  0.006641         0   0.01563        40       448    0.9754    0.9975    0.9967    0.8355   0.01497     0.012         0
   345/499     5.71G  0.007403  0.005935         0   0.01334        40       448    0.9699    0.9967    0.9966    0.8285   0.01557   0.01179         0
   346/499     5.71G  0.007204  0.005989         0   0.01319        40       448    0.9644    0.9956     0.996    0.8122   0.01649    0.0121         0
   347/499     5.71G  0.007276  0.006117         0   0.01339        40       448    0.9684    0.9962    0.9959    0.8093   0.01655   0.01203         0
   348/499     5.71G  0.007951  0.006578         0   0.01453        40       448    0.9665    0.9925    0.9957    0.8081   0.01676     0.012         0
   349/499     5.71G  0.009724  0.007789         0   0.01751        40       448    0.9679    0.9917    0.9958      0.81   0.01697   0.01199         0
   350/499     5.71G   0.01164  0.008474         0   0.02011        40       448    0.9649    0.9908    0.9957    0.8013   0.01736    0.0122         0
   351/499     5.71G   0.01034  0.007004         0   0.01734        40       448    0.9626    0.9896    0.9952    0.7938   0.01793   0.01241         0
   352/499     5.71G  0.008698  0.006487         0   0.01518        40       448    0.9609    0.9883    0.9949    0.7947   0.01804   0.01262         0
   353/499     5.71G  0.008351  0.006268         0   0.01462        40       448    0.9619    0.9866    0.9952    0.8008   0.01748   0.01253         0
   354/499     5.71G   0.00936  0.007145         0    0.0165        40       448    0.9667    0.9866    0.9955    0.8078   0.01705   0.01251         0
   355/499     5.71G   0.01313   0.01019         0   0.02331        40       448    0.9623    0.9883    0.9953    0.8011   0.01702   0.01234         0
   356/499     5.71G   0.01367   0.01034         0   0.02401        40       448    0.9709    0.9958    0.9962    0.7942   0.01683   0.01207         0
   357/499     5.71G   0.01168  0.008681         0   0.02037        40       448    0.9799    0.9983    0.9965      0.81   0.01614   0.01167         0
   358/499     5.71G   0.01007   0.00727         0   0.01734        40       448    0.9796     0.995    0.9967    0.8113    0.0164   0.01196         0
   359/499     5.71G  0.009508  0.007021         0   0.01653        40       448    0.9818    0.9929    0.9967    0.8015   0.01686    0.0123         0
   360/499     5.71G   0.01047   0.00762         0   0.01809        40       448    0.9797    0.9917    0.9967    0.8007   0.01689   0.01241         0
   361/499     5.71G  0.009897  0.007608         0    0.0175        40       448    0.9762    0.9931    0.9967    0.7883   0.01716   0.01225         0
   362/499     5.71G   0.01195  0.008702         0   0.02065        40       448    0.9814    0.9933    0.9968    0.7757   0.01756    0.0123         0
   363/499     5.71G   0.01266  0.008923         0   0.02158        40       448    0.9876    0.9977    0.9971    0.7676    0.0176   0.01234         0
   364/499     5.71G   0.01309  0.009327         0   0.02241        40       448    0.9934    0.9985    0.9971    0.7691   0.01707   0.01213         0
   365/499     5.71G   0.01508  0.009275         0   0.02436        40       448    0.9903    0.9983    0.9971    0.7501   0.01802   0.01292         0
   366/499     5.71G   0.02004   0.01224         0   0.03228        40       448    0.9865    0.9958    0.9971    0.7858   0.01804   0.01318         0
   367/499     5.71G   0.01472   0.01052         0   0.02524        40       448    0.9884    0.9928    0.9972    0.8129   0.01707   0.01382         0
   368/499     5.71G  0.009016  0.007032         0   0.01605        40       448    0.9847      0.99    0.9969    0.8362   0.01632   0.01389         0
   369/499     5.71G  0.006505  0.005529         0   0.01203        40       448    0.9794    0.9904    0.9967    0.8449    0.0158   0.01266         0
   370/499     5.71G  0.005409  0.004904         0   0.01031        40       448    0.9758    0.9908    0.9967    0.8455   0.01537    0.0115         0
   371/499     5.71G  0.005156  0.004691         0  0.009847        40       448    0.9742    0.9917    0.9965    0.8459   0.01516   0.01093         0
   372/499     5.71G  0.005747  0.005145         0   0.01089        40       448    0.9754     0.992    0.9965    0.8463   0.01477   0.01045         0
   373/499     5.71G  0.005804  0.005154         0   0.01096        40       448    0.9762    0.9908    0.9965    0.8419   0.01459    0.0102         0
   374/499     5.71G  0.006475  0.005651         0   0.01213        40       448    0.9771    0.9933    0.9966    0.8459   0.01427   0.00996         0
   375/499     5.71G  0.007955  0.006719         0   0.01467        40       448    0.9771    0.9975    0.9966    0.8396   0.01437  0.009941         0
   376/499     5.71G  0.009923  0.008074         0     0.018        40       448    0.9754    0.9983    0.9966    0.8342   0.01475   0.01013         0
   377/499     5.71G  0.009899  0.007444         0   0.01734        40       448    0.9803    0.9983    0.9969    0.8303   0.01514   0.01042         0
   378/499     5.71G    0.0107  0.007733         0   0.01843        40       448    0.9867    0.9983    0.9971     0.829   0.01518   0.01056         0
   379/499     5.71G   0.01087  0.008334         0    0.0192        40       448     0.992    0.9983    0.9973    0.8281    0.0151   0.01073         0
   380/499     5.71G  0.009042  0.007257         0    0.0163        40       448    0.9898    0.9975    0.9974    0.8281   0.01515   0.01098         0
   381/499     5.71G  0.008188  0.006255         0   0.01444        40       448    0.9895    0.9975    0.9974    0.8327   0.01504   0.01109         0
   382/499     5.71G  0.008063  0.006068         0   0.01413        40       448    0.9883    0.9975    0.9974    0.8377   0.01473   0.01099         0
   383/499     5.71G   0.01006   0.00769         0   0.01775        40       448    0.9827    0.9971     0.997    0.8404   0.01474   0.01109         0
   384/499     5.71G  0.009873  0.008082         0   0.01796        40       448     0.982    0.9875    0.9968    0.8317   0.01564    0.0119         0
   385/499     5.71G  0.008048  0.006234         0   0.01428        40       448    0.9813      0.98    0.9963      0.83   0.01632   0.01258         0
   386/499     5.71G  0.006351  0.005143         0   0.01149        40       448    0.9775    0.9808    0.9964    0.8314   0.01628   0.01249         0
   387/499     5.71G   0.00619   0.00506         0   0.01125        40       448    0.9761    0.9833    0.9966    0.8318   0.01586   0.01195         0
   388/499     5.71G  0.006256  0.005215         0   0.01147        40       448      0.98      0.99     0.997    0.8298   0.01555   0.01145         0
   389/499     5.71G  0.006649  0.005305         0   0.01195        40       448    0.9776      0.99     0.997    0.8256   0.01582   0.01145         0
   390/499     5.71G  0.007569  0.005602         0   0.01317        40       448    0.9776      0.99    0.9968    0.8228   0.01625   0.01155         0
   391/499     5.71G   0.00761  0.005551         0   0.01316        40       448    0.9742      0.99    0.9966     0.819   0.01652   0.01155         0
   392/499     5.71G  0.009091  0.006489         0   0.01558        40       448    0.9715      0.99    0.9964    0.8185   0.01636   0.01144         0
   393/499     5.71G  0.009755    0.0068         0   0.01655        40       448    0.9725    0.9925    0.9966    0.8262   0.01582   0.01122         0
   394/499     5.71G  0.007692  0.005687         0   0.01338        40       448    0.9735    0.9925    0.9967    0.8304   0.01539   0.01103         0
   395/499     5.71G  0.006262  0.005189         0   0.01145        40       448    0.9743    0.9942    0.9968    0.8308   0.01495   0.01081         0
   396/499     5.71G  0.006758  0.005791         0   0.01255        40       448    0.9736     0.995    0.9968    0.8342   0.01463    0.0106         0
   397/499     5.71G  0.008169  0.006997         0   0.01517        40       448    0.9746    0.9942    0.9967     0.837   0.01463   0.01053         0
   398/499     5.71G  0.007324  0.006197         0   0.01352        40       448    0.9724      0.99    0.9963    0.8379   0.01506   0.01063         0
   399/499     5.71G  0.006926  0.005237         0   0.01216        40       448    0.9732      0.99    0.9962    0.8355   0.01526   0.01058         0
   400/499     5.71G  0.006625  0.004746         0   0.01137        40       448    0.9721    0.9895    0.9962    0.8362   0.01512   0.01043         0
   401/499     5.71G  0.006084  0.004638         0   0.01072        40       448    0.9681    0.9942    0.9963    0.8345   0.01476    0.0102         0
   402/499     5.71G  0.005898  0.004582         0   0.01048        40       448    0.9688    0.9958    0.9965    0.8375   0.01446  0.009992         0
   403/499     5.71G  0.006291  0.004966         0   0.01126        40       448    0.9703    0.9958    0.9966    0.8413   0.01428  0.009909         0
   404/499     5.71G  0.006164  0.004944         0   0.01111        40       448    0.9706    0.9958    0.9965    0.8402   0.01438  0.009956         0
   405/499     5.71G  0.006483  0.005085         0   0.01157        40       448    0.9747    0.9958    0.9966    0.8399   0.01442  0.009961         0
   406/499     5.71G  0.007251  0.005499         0   0.01275        40       448    0.9746    0.9967    0.9967    0.8464   0.01421  0.009853         0
   407/499     5.71G  0.007497  0.005917         0   0.01341        40       448    0.9793    0.9967    0.9969    0.8484   0.01397  0.009793         0
   408/499     5.71G  0.007483  0.006205         0   0.01369        40       448    0.9775    0.9967    0.9967    0.8409   0.01411  0.009936         0
   409/499     5.71G  0.006907  0.005928         0   0.01283        40       448    0.9763     0.997    0.9966     0.835   0.01448   0.01022         0
   410/499     5.71G  0.006627  0.005626         0   0.01225        40       448    0.9747    0.9969    0.9965    0.8308   0.01474   0.01046         0
   411/499     5.71G  0.006686  0.005809         0    0.0125        40       448    0.9716    0.9967    0.9965    0.8326   0.01466   0.01042         0
   412/499     5.71G   0.00694   0.00636         0    0.0133        40       448    0.9716    0.9975    0.9965    0.8419   0.01445   0.01027         0
   413/499     5.71G  0.006539  0.006184         0   0.01272        40       448    0.9715    0.9962    0.9959     0.844   0.01455   0.01034         0
   414/499     5.71G  0.006315  0.005551         0   0.01187        40       448    0.9697    0.9917    0.9961    0.8418   0.01483   0.01048         0
   415/499     5.71G  0.006048  0.005332         0   0.01138        40       448    0.9674    0.9916     0.996    0.8425   0.01499   0.01054         0
   416/499     5.71G  0.005262  0.005108         0   0.01037        40       448    0.9653    0.9908     0.996    0.8444   0.01509   0.01062         0
   417/499     5.71G  0.004579  0.004607         0  0.009187        40       448    0.9674    0.9916     0.996    0.8475   0.01505   0.01062         0
   418/499     5.71G  0.004799  0.004636         0  0.009436        40       448    0.9675    0.9942    0.9962    0.8498   0.01487   0.01053         0
   419/499     5.71G  0.006453  0.005691         0   0.01214        40       448    0.9694    0.9975    0.9963    0.8528   0.01458   0.01035         0
   420/499     5.71G  0.008486  0.007442         0   0.01593        40       448    0.9719    0.9975    0.9967    0.8574   0.01411   0.01004         0
   421/499     5.71G  0.007186  0.006442         0   0.01363        40       448    0.9813    0.9992    0.9969    0.8672   0.01319  0.009493         0
   422/499     5.71G  0.006078  0.005011         0   0.01109        40       448    0.9885    0.9992    0.9972    0.8753    0.0127  0.009281         0
   423/499     5.71G  0.004691  0.004157         0  0.008847        40       448    0.9879    0.9992    0.9972    0.8784   0.01255  0.009255         0
   424/499     5.71G  0.003729  0.003717         0  0.007446        40       448    0.9885    0.9992    0.9973    0.8811   0.01242  0.009164         0
   425/499     5.71G    0.0034  0.003531         0  0.006931        40       448     0.983    0.9983    0.9972    0.8783   0.01249  0.009172         0
   426/499     5.71G  0.003725   0.00386         0  0.007585        40       448    0.9807    0.9983    0.9972    0.8762   0.01274  0.009286         0
   427/499     5.71G  0.003963  0.003961         0  0.007924        40       448    0.9793    0.9983    0.9972     0.875   0.01285  0.009329         0
   428/499     5.71G  0.005199  0.004937         0   0.01014        40       448    0.9784    0.9983    0.9972    0.8742   0.01298  0.009358         0
   429/499     5.71G   0.00598  0.005149         0   0.01113        40       448    0.9763    0.9983    0.9972    0.8727   0.01325  0.009455         0
   430/499     5.71G  0.006564  0.005595         0   0.01216        40       448    0.9719    0.9975    0.9966     0.865   0.01374  0.009737         0
   431/499     5.71G  0.006182  0.005276         0   0.01146        40       448    0.9722    0.9933    0.9964    0.8535   0.01455   0.01029         0
   432/499     5.71G  0.005899  0.005116         0   0.01102        40       448    0.9661    0.9883    0.9959    0.8406   0.01521   0.01089         0
   433/499     5.71G  0.007501  0.006399         0    0.0139        40       448    0.9677     0.985    0.9958    0.8352   0.01557   0.01132         0
   434/499     5.71G  0.007895  0.007048         0   0.01494        40       448     0.968     0.985    0.9959    0.8368   0.01548   0.01142         0
   435/499     5.71G  0.007182  0.006273         0   0.01345        40       448    0.9681    0.9868    0.9963    0.8416    0.0151   0.01121         0
   436/499     5.71G  0.006601   0.00541         0   0.01201        40       448     0.972    0.9933    0.9967    0.8472   0.01463   0.01091         0
   437/499     5.71G   0.00618  0.004724         0    0.0109        40       448    0.9756    0.9942     0.997    0.8528   0.01432   0.01069         0
   438/499     5.71G  0.005722  0.004406         0   0.01013        40       448    0.9795     0.995    0.9971    0.8544   0.01404   0.01048         0
   439/499     5.71G  0.005865  0.004224         0   0.01009        40       448    0.9773     0.995    0.9971    0.8523     0.014   0.01041         0
   440/499     5.71G  0.006092  0.004293         0   0.01039        40       448    0.9762    0.9958    0.9971    0.8475   0.01396   0.01031         0
   441/499     5.71G  0.006017  0.004517         0   0.01053        40       448    0.9754    0.9946    0.9971    0.8482   0.01391   0.01015         0
   442/499     5.71G  0.006694   0.00536         0   0.01205        40       448    0.9757    0.9942    0.9971     0.849   0.01388   0.01003         0
   443/499     5.71G  0.006746  0.005845         0   0.01259        40       448    0.9738    0.9939    0.9971     0.848   0.01393  0.009985         0
   444/499     5.71G  0.006454  0.005817         0   0.01227        40       448     0.973    0.9928    0.9965     0.846   0.01402  0.009974         0
   445/499     5.71G  0.005907  0.005278         0   0.01118        40       448    0.9762    0.9927    0.9966    0.8458   0.01404  0.009939         0
   446/499     5.71G  0.005655  0.004881         0   0.01054        40       448    0.9764    0.9933    0.9972    0.8466   0.01402  0.009914         0
   447/499     5.71G   0.00513  0.004453         0  0.009583        40       448     0.978    0.9933    0.9974    0.8476   0.01396  0.009912         0
   448/499     5.71G   0.00457  0.003992         0  0.008562        40       448    0.9799     0.995    0.9974    0.8497   0.01388  0.009908         0
   449/499     5.71G  0.004558  0.003868         0  0.008426        40       448    0.9803    0.9956    0.9974    0.8488   0.01382  0.009907         0
   450/499     5.71G  0.005597  0.004338         0  0.009935        40       448    0.9811    0.9953    0.9974    0.8497    0.0138  0.009905         0
   451/499     5.71G  0.006361  0.005168         0   0.01153        40       448    0.9813     0.995    0.9974    0.8495   0.01379  0.009894         0
   452/499     5.71G  0.005972  0.005262         0   0.01123        40       448    0.9815    0.9958    0.9974    0.8535   0.01353  0.009754         0
   453/499     5.71G  0.005414  0.004829         0   0.01024        40       448    0.9835    0.9975    0.9975    0.8588   0.01314   0.00953         0
   454/499     5.71G  0.005361  0.004912         0   0.01027        40       448     0.984    0.9983    0.9975    0.8618    0.0129  0.009378         0
   455/499     5.71G  0.004646  0.004323         0  0.008969        40       448    0.9834    0.9975    0.9975    0.8625   0.01302   0.00944         0
   456/499     5.71G  0.004064  0.003806         0   0.00787        40       448    0.9801    0.9975    0.9975    0.8613    0.0132  0.009556         0
   457/499     5.71G  0.003914  0.003912         0  0.007826        40       448    0.9763    0.9966    0.9973    0.8604   0.01333  0.009656         0
   458/499     5.71G  0.004311  0.004459         0   0.00877        40       448    0.9765    0.9975    0.9973    0.8591   0.01334  0.009677         0
   459/499     5.71G  0.004698  0.004811         0  0.009509        40       448    0.9763    0.9979    0.9973    0.8611   0.01317  0.009564         0
   460/499     5.71G  0.004755  0.004553         0  0.009308        40       448    0.9773    0.9983    0.9974    0.8664   0.01283  0.009344         0
   461/499     5.71G   0.00475  0.004508         0  0.009258        40       448    0.9777    0.9983    0.9974    0.8676   0.01266  0.009218         0
   462/499     5.71G  0.004163  0.004103         0  0.008265        40       448    0.9796    0.9983    0.9975    0.8687   0.01261  0.009168         0
   463/499     5.71G  0.003797  0.003767         0  0.007564        40       448    0.9772    0.9975    0.9974    0.8691   0.01277  0.009234         0
   464/499     5.71G  0.003428  0.003582         0   0.00701        40       448    0.9755    0.9975    0.9973    0.8654   0.01307  0.009396         0
   465/499     5.71G  0.003045  0.003315         0   0.00636        40       448    0.9762    0.9975    0.9973    0.8648   0.01329  0.009546         0
   466/499     5.71G  0.003199  0.003363         0  0.006562        40       448    0.9751    0.9967    0.9972    0.8637   0.01341  0.009653         0
   467/499     5.71G  0.004025   0.00401         0  0.008035        40       448    0.9727    0.9958     0.997    0.8624   0.01358  0.009776         0
   468/499     5.71G  0.005401  0.005362         0   0.01076        40       448    0.9715    0.9959    0.9969     0.858   0.01386   0.00996         0
   469/499     5.71G  0.005473  0.005304         0   0.01078        40       448    0.9715    0.9953    0.9965    0.8566   0.01403   0.01006         0
   470/499     5.71G  0.005002  0.004381         0  0.009383        40       448    0.9723    0.9973    0.9965    0.8573   0.01407    0.0101         0
   471/499     5.71G  0.004022  0.003821         0  0.007843        40       448    0.9721    0.9975    0.9966    0.8601   0.01394   0.01005         0
   472/499     5.71G   0.00302  0.003202         0  0.006221        40       448    0.9723    0.9975    0.9969    0.8611   0.01375  0.009954         0
   473/499     5.71G  0.002994  0.003157         0  0.006151        40       448    0.9713    0.9975    0.9969    0.8612    0.0137  0.009927         0
   474/499     5.71G  0.003821  0.003927         0  0.007748        40       448    0.9729    0.9975     0.997     0.859   0.01372  0.009967         0
   475/499     5.71G  0.004361  0.004321         0  0.008682        40       448    0.9732    0.9975     0.997    0.8612   0.01361  0.009937         0
   476/499     5.71G  0.004824  0.004204         0  0.009028        40       448    0.9711    0.9983    0.9971    0.8597   0.01349  0.009912         0
   477/499     5.71G  0.004783  0.004099         0  0.008882        40       448    0.9746    0.9983    0.9973    0.8598   0.01336  0.009849         0
   478/499     5.71G   0.00445  0.003959         0   0.00841        40       448    0.9778    0.9983    0.9974    0.8625   0.01312  0.009696         0
   479/499     5.71G  0.004167   0.00369         0  0.007857        40       448    0.9796    0.9983    0.9974    0.8622   0.01289  0.009532         0
   480/499     5.71G  0.004534  0.004222         0  0.008756        40       448     0.981    0.9983    0.9974    0.8653    0.0128  0.009438         0
   481/499     5.71G  0.004725  0.004415         0   0.00914        40       448    0.9808    0.9983    0.9975    0.8655   0.01285  0.009434         0
   482/499     5.71G  0.004801  0.004296         0  0.009097        40       448    0.9778    0.9983    0.9975    0.8632   0.01305  0.009546         0
   483/499     5.71G  0.005076  0.004202         0  0.009277        40       448    0.9764    0.9975    0.9975    0.8607   0.01324  0.009651         0
   484/499     5.71G  0.006104  0.004813         0   0.01092        40       448    0.9772    0.9975    0.9974    0.8577   0.01332  0.009701         0
   485/499     5.71G  0.006014  0.004658         0   0.01067        40       448    0.9807    0.9975    0.9975    0.8573   0.01326  0.009692         0
   486/499     5.71G  0.005277  0.004049         0  0.009325        40       448    0.9832    0.9975    0.9976    0.8587   0.01318  0.009686         0
   487/499     5.71G  0.005353  0.004092         0  0.009445        40       448    0.9814    0.9975    0.9976     0.859   0.01312  0.009698         0
   488/499     5.71G  0.005132  0.003781         0  0.008913        40       448    0.9819    0.9973    0.9976    0.8603   0.01303  0.009687         0
   489/499     5.71G  0.005045  0.003936         0  0.008981        40       448    0.9811    0.9971    0.9976    0.8619   0.01297  0.009694         0
   490/499     5.71G  0.004049  0.003542         0  0.007591        40       448     0.981    0.9958    0.9976    0.8605   0.01295  0.009716         0
   491/499     5.71G  0.003525  0.003438         0  0.006963        40       448    0.9811    0.9966    0.9976    0.8607   0.01293  0.009727         0
   492/499     5.71G  0.003747  0.003881         0  0.007628        40       448    0.9805    0.9967    0.9976    0.8605   0.01292  0.009714         0
   493/499     5.71G  0.004288  0.004441         0  0.008729        40       448    0.9795    0.9964    0.9975    0.8576   0.01305  0.009783         0
   494/499     5.71G  0.004945   0.00478         0  0.009725        40       448    0.9779    0.9958    0.9975    0.8572   0.01318  0.009826         0
   495/499     5.71G  0.005456  0.005183         0   0.01064        40       448    0.9795    0.9972    0.9974    0.8563    0.0132  0.009798         0
   496/499     5.71G  0.004891  0.004839         0   0.00973        40       448    0.9787    0.9967    0.9973    0.8589   0.01311   0.00972         0
   497/499     5.71G  0.004211  0.004339         0   0.00855        40       448    0.9798    0.9983    0.9974    0.8647   0.01283  0.009544         0
   498/499     5.71G  0.003898  0.003664         0  0.007562        40       448    0.9821    0.9983    0.9975    0.8692   0.01256  0.009387         0
   499/499     5.71G  0.003762  0.003487         0  0.007249        40       448    0.9814    0.9983    0.9974    0.8717   0.01238  0.009275         0
